18
0 0
0.0673020522015906 -0.3634198051754031
0.2773187155115165 -0.700410161950348
0.6189793195382287 -0.9511908717233647
1.054383613874795 -1.0609504572534298
1.521204206230486 -0.9928126122602786
1.9418756361969638 -0.739547724312599
2.2388591903531454 -0.3301440149421052
2.352820354824554 0.1721764105027165
2.258445040686564 0.6817880527466629
1.972159867755418 1.109986670388804
1.5482641047118477 1.3858897956591265
1.064795607294953 1.4717164222995371
0.6045332516015995 1.368166760114964
0.23730846043760148 1.1097676153726757
0.008110522319299693 0.7532690647726562
-0.06730205095012799 0.36341980557081344
0 0
