15
0 0
-0.4482272478745131 -0.022645483544698218
-0.8855096939268401 -0.26192904624683405
-1.198413674565292 -0.7121198898647051
-1.2767927398722827 -1.3026947583442225
-1.0544296974747749 -1.9003998983203008
-0.5485273385658508 -2.33970110189926
0.12532886365647627 -2.480662930718723
0.7815466054380333 -2.27250267069369
1.2405968795346594 -1.7844498159712792
1.4015865029609855 -1.1673768059747447
1.2640840433741292 -0.5877087753965117
0.9073998123337915 -0.1713470858816005
0.4482272478727525 0.02264548356145906
0 0
