17
0 0
-0.22955845256214003 -0.3186149492172709
-0.32565578400990874 -0.7333871149283261
-0.24513676294565953 -1.1844193133299559
0.026204375275483284 -1.5909563191855465
0.46270192074964417 -1.8665436518263998
0.9965585913410008 -1.9404210806714188
1.5281524064142673 -1.7797239359111063
1.9490701919742577 -1.4042829576696096
2.1719543963266603 -0.8861609666985916
2.156102593682904 -0.331035503712898
1.9170239826991593 0.15197815265607223
1.5174297949190116 0.4787854427557088
1.045903461455646 0.6074759947989252
0.5925780209830098 0.541072676248352
0.2295584524263114 0.3186149491267484
0 0
