19
0 0
-0.32807689667557055 -0.11921626753634529
-0.6120915453886399 -0.35968948628684133
-0.8044265575554175 -0.7041164132151947
-0.8647120978390577 -1.115247837867625
-0.7687788444559136 -1.5391422649242497
-0.5160355581067895 -1.9127408483757902
-0.13301303007737048 -2.1749637380962135
0.32872755938131165 -2.27915072692796
0.8008303627633796 -2.203845320572564
1.211147122218464 -1.9584992575411906
1.4982808268145065 -1.5821840629582549
1.623608567246862 -1.1352401486365187
1.5775438486038404 -0.6865372995691598
1.3789630749421284 -0.2999433655519095
1.0687998853021219 -0.02342519936307419
0.7002160201888047 0.11717560197102043
0.32807689490313746 0.11921626939093323
0 0
