16
0 0
0.39206610290651167 0.1474578068150579
0.7179533062204991 0.47087444264078604
0.8926167590753973 0.9382644345320721
0.8477597378185924 1.4731113630120658
0.5572666717975668 1.9639424762004545
0.05663349397595161 2.289847711741705
-0.5547876235753448 2.357890960622462
-1.1365464886341867 2.139088867504216
-1.551587175570492 1.6849887620289838
-1.7133697942702422 1.1099460045631195
-1.6084107138022534 0.5493347313115972
-1.2896903312309933 0.11748903188161364
-0.8503111057269477 -0.11895677766423846
-0.3920661040136847 -0.14745780372838294
0 0
