20
0 0
-0.050362792297077665 0.32683648399936477
-0.2148131370892239 0.6360930024184202
-0.4868527696551398 0.8856032002245523
-0.8434284445573148 1.0357507979779261
-1.245985458994225 1.0564121144420255
-1.6446844863503494 0.9333962293983591
-1.985407861445841 0.6729486102445387
-2.218743833350794 0.30280824819816987
-2.309004567603148 -0.13080713181159512
-2.241268903875064 -0.5703517032184797
-2.0246694225457222 -0.9566847297373071
-1.6907298910440665 -1.239409315355489
-1.2874038071935328 -1.385208151015436
-0.87017307144001 -1.3824937960564039
-0.4925048434030323 -1.2416074477738286
-0.19767149606358947 -0.9910826224804328
-0.013361856554684652 -0.6712528970636772
0.05036279890913588 -0.32683648199636306
0 0
