28
0 0
-0.18966172379245175 -0.13189539474641834
-0.3631201823149424 -0.33236139101590256
-0.3889555102659894 -0.3961310881326021
-0.7630235297631107 -1.3424853891705826
-0.0687615090890689 0.6792358441350776
-0.9439649975880525 -5.2057935361877385
-0.4141414654818972 5.607131687796509
1.0672532916775974 -12.333709191495373
-2.3953970405334624 11.143168185694329
3.2006770326976763 -15.187105819790625
-1.4825633953381643 8.826315906610029
1.4126213408396602 -9.039321399640544
1.9441519962972937 1.6039100291853414
0.05732864373214299 -2.9521642666336856
2.714955091097781 -1.2582984027398667
0.9535180147093534 -1.255953483212411
2.1435789260187024 -1.0046234458407979
1.5779506264489773 -0.7011443432624127
1.7477156922367032 -0.4402406771771943
1.5289938271557626 -0.20264382057543584
1.3750412219154662 -0.004943975675496976
1.1490671509095323 0.13999150919837314
0.9080688311644554 0.22705428638546024
0.6573375973342792 0.25335370585564193
0.41376556469616277 0.22040248048777336
0.1907807587709912 0.1332533402206064
0 0
