27
0 0
0.24188113332893718 0.0018075374111478982
0.4801154770098191 0.057182695681792496
0.7250256104782414 0.21814225976827656
0.8414244364456538 0.266143704044202
1.187831188758292 0.7905584524644329
0.902403223177519 0.559704075224098
1.436347633856729 1.5075500196000653
0.8379613193034143 0.8782099761358428
1.217978361199307 2.506657419475906
0.5439130001756846 0.7578960077282106
0.873010962938796 3.314524165110165
-0.06756174948774385 1.1602635321220023
0.3065698806891133 2.855906053240754
-0.5416928546087081 1.8911003377170443
-0.43495800041106986 2.1607817757599954
-0.8960003742949258 1.8773408757301329
-0.9635476511159049 1.6624274363081626
-1.1336094256779703 1.4038857602764492
-1.1620806080568495 1.118486479341436
-1.1452590696973857 0.8406007654295634
-1.0533485739602695 0.5799317575706273
-0.905002647562476 0.3552732933327341
-0.7100398430753231 0.17842358266693417
-0.4836411369562326 0.05815884895826705
-0.24165837777441393 -0.0012884203236645574
0 0
