26
0 0
0.06588361140614123 -0.24250577323063555
0.19560728005713124 -0.46810508992035177
0.38095597985123714 -0.6573341923914482
0.6302983899464327 -0.8008621250754152
0.8755137916923522 -0.8741516124734103
1.181331981909881 -0.870921300096821
1.5547509371397072 -0.8296965675665189
1.4891110886068342 -0.611122171358412
2.3280321619971174 -0.519649278883164
1.6903575300828186 -0.07736701795215865
2.5036504942226485 2.7665075746976384e-10
2.002492819391562 0.5491084198922325
2.1735986925551445 0.6377497283185763
1.9276983740353537 1.0647652915346457
1.7210380301108228 1.1838714588090067
1.4571786087270546 1.3851301739561905
1.1566892906254436 1.436633301616269
0.8593099818780127 1.4398446630687438
0.5748000451822335 1.3552854695767438
0.3274864251002092 1.2066264671281177
0.13127054560268692 1.0028954808354893
-0.002490593170396984 0.7620167173224459
-0.06829887739466887 0.502320733387654
-0.06589707176198237 0.24253455992836773
0 0
