29
0 0
-0.20851182827883785 0.061596014279141235
-0.5010949108258463 0.2082889017152174
-0.37054725879687667 -0.7571570568802399
-1.8186145901621293 3.4377236619288305
0.5114720186921496 -10.486749807245944
-2.48272918691364 22.22777964949762
-3.3850472012340287 -37.794542871803124
7.176722720254565 44.62440467676871
-18.476030562882595 -38.70169505062473
21.672568826290885 10.825349339718223
-24.556130813226254 17.804110515972354
16.061991867737927 -42.24922348530514
-9.442434589101332 40.63679293278257
0.7809244051478085 -33.24466524389016
1.617717936885603 14.878546445090276
-2.7928381387623107 -9.374344794267394
2.0621059958572077 0.4660013492593032
-0.7369694374352477 -2.740765576758725
1.032999677434658 -1.4947680203034828
0.5086293704476055 -1.6207997862995467
0.8403874179485413 -1.2703505844906369
0.8018167610535344 -1.046657509333791
0.7932761412736803 -0.7896340199935903
0.7086225164361052 -0.5580260475301224
0.5794586555024924 -0.353995453846786
0.41048410550306696 -0.18897381759811321
0.21335326587840195 -0.06966047120313738
0 0
