21
0 0
0.31186761755484554 -0.03787669831318862
0.6362606129645587 0.027379726738156154
0.9371804015846026 0.2001385399086175
1.177004837005196 0.4714791654722948
1.3217419750879813 0.8184921428736958
1.3464617217319788 1.2059861329155432
1.2401486491871434 1.5900926587490654
1.0086746025192912 1.9243698896373849
0.6751557132075364 2.1665577543671413
0.27754386390208735 2.285171467886015
-0.13693009945718765 2.2651797224910335
-0.5187009475242953 2.1098743836494664
-0.8234738548735158 1.840729420111052
-1.018644636701184 1.4932173852870974
-1.087385820276821 1.11109480171802
-1.0299324504126692 0.7395084475738163
-0.8620259272982452 0.41865596504593816
-0.6112096200522483 0.17888607810347298
-0.31186760311451656 0.03787667221517256
0 0
