23
0 0
0.27729412046700386 -0.0683684942598764
0.5750580140632041 -0.05378041368829142
0.8671362005121755 0.0502703152484155
1.1256619700171175 0.24122244342610055
1.3226090893706175 0.5086913038475972
1.4357880575052813 0.8294364842392102
1.4489527940981148 1.1801675115306123
1.3548136846078123 1.5220908452587545
1.1615444579605931 1.827994754116821
0.8811670729347393 2.061600335836667
0.5433574489621923 2.2030094573371373
0.1778455238910179 2.235363175486668
-0.17834991522547272 2.1576625704267123
-0.49212973187499603 1.978410669137557
-0.7344216768314136 1.7175238521388243
-0.885297973494663 1.402458807767649
-0.9349023105239818 1.0648903049842615
-0.8843114756118272 0.7369508281652142
-0.7444528733520335 0.44758059336785017
-0.534134420285822 0.21970485109343066
-0.27729520940365554 0.06836915794272422
0 0
