30
0 0
-0.21765000099494336 -0.06095102810915109
-0.25290179541253827 -0.09258914375083101
-1.7012877163775264 -1.0049906040512142
4.934457291936865 3.1082040247208385
-21.42854220800699 -11.79828530249382
56.16064122386505 17.950862721773774
-121.33740182368044 -6.2072150518655835
193.14621103879168 -67.43841692917111
-232.31782011311893 204.35509062405686
188.03216332378392 -367.1851350740212
-66.11603438277643 452.21880987237773
-77.37976756152119 -421.8109160549102
169.2759112439873 291.50027150647315
-181.28910301743866 -156.7302398778384
140.6724973839864 56.325189183883616
-84.55282177700363 -14.604696417413281
45.47836461297171 -3.6894721349647543
-19.023803792064925 2.262305299012662
9.884520483141245 -3.7479511748427643
-1.8263463229635313 0.07294528886044012
2.4967222997849357 -1.237949338947316
1.016336713942818 -0.45306206261628057
1.2932703968285184 -0.4018703904654899
1.0418208614612299 -0.18483825257563163
0.8668504118242905 -0.05685607496374726
0.650960506555765 0.03219512240165836
0.4284173206030754 0.06999909317600873
0.2077121016560579 0.058316350789439066
0 0
