24
0 0
-0.023039886024675174 0.27221294788835204
-0.12377851861212778 0.5377883872528666
-0.3005071064433972 0.7739186969688896
-0.5432360403820881 0.9559450952000371
-0.8361699767278243 1.0703840513737466
-1.1598879793363641 1.089691211985273
-1.4736498745820164 1.028061042843022
-1.782671477924314 0.8634189474275065
-2.0051949584364457 0.6236549589991226
-2.185715386356059 0.3245864645784058
-2.2439100103761 -0.018999046642363664
-2.2218822347397085 -0.35979614053831616
-2.092062792725139 -0.6847964606066897
-1.8811762569927095 -0.9535089640166133
-1.6034415711278884 -1.1511239290051047
-1.2861045309062091 -1.2586760352506143
-0.9573033263217298 -1.2720634748876238
-0.6451862451963376 -1.1935444785592026
-0.3748784184311156 -1.0346518986888515
-0.16608798637637862 -0.813103372643044
-0.031670381482070256 -0.5509970579670336
0.023036160075026898 -0.27220895932392547
0 0
