25
0 0
0.07340392070247054 0.2513144421526493
0.07796080271418841 0.5224862381850977
0.009564217143087488 0.7954555277893995
-0.1396355695280332 1.0417698317783874
-0.3350748000837672 1.2623322153507108
-0.6377186400858478 1.3903648056344375
-0.8784058715917504 1.4825454117231363
-1.2760938138668894 1.4612823621121773
-1.5006260535752438 1.3486278899915023
-1.8278410116785295 1.1936058496630761
-2.012506263735206 0.9151731017524725
-2.1480823632440407 0.6364472379161686
-2.2057158466683187 0.2996052933229943
-2.1529072930915736 -0.0186962586832031
-2.0297350211465317 -0.31961503407698993
-1.8240433463236367 -0.5671166296466299
-1.5653760377161785 -0.7492131779067877
-1.271388202463624 -0.8514703649683839
-0.9674236692293314 -0.8703720038936896
-0.6766984687995489 -0.8081974818267114
-0.4204005665711155 -0.6741520708812836
-0.21543303999550154 -0.4825547444743945
-0.07339095662213777 -0.25130192683137575
0 0
