22
0 0
0.2961888753346477 -0.042334289804339884
0.6056819003599623 0.008383397791485935
0.8976740214045715 0.1565385452203002
1.1400052508146046 0.39585305985216235
1.3023673451620477 0.7084502662127466
1.3624642867618961 1.0669180415300568
1.3058856251511612 1.434598990897914
1.1347730625763892 1.7736588027471565
0.8613021767954016 2.04493493758884
0.513894793345421 2.2183541585689586
0.12815765558873213 2.2734767958066375
-0.25405831478105373 2.204446982434878
-0.5922996584612898 2.0203116539850203
-0.8519228222502404 1.7432544846174616
-1.0088410206097733 1.4056493696786323
-1.0518822418365013 1.0450563288514905
-0.9834088932838788 0.699306751284842
-0.8178972354363565 0.40175621946653184
-0.5790786924769951 0.1777190014990985
-0.2961891879327343 0.04233421082308619
0 0
