37
0 0
-0.0044983850355098665 -1.208841890807489
0.0883409605159909 22.468423334357293
-0.8148590731842903 -195.80861726174865
4.681361656809699 1059.5922241637002
-18.663071107473094 -3972.6688855551083
54.36269741043143 10868.502261430349
-118.3160903838195 -22112.29142187744
191.99037095924598 32918.196664354895
-223.25817229250424 -32446.29427014799
158.05115549216083 10130.05215105919
-4.174287110702689 33438.02284617328
-155.16929697764934 -82048.08020518192
225.4754322485661 113302.39738888679
-180.30370879438487 -114681.62108080985
100.49151036772923 91076.81713885837
-67.44589579679662 -58086.01327335008
110.65248408683347 29787.215446429742
-152.71494629833353 -12017.77443067015
194.61015519827512 3560.0322440284167
-222.47810944522084 -598.2489367338187
189.36371083473207 -59.878279329663116
-107.06390551726399 82.51236581536496
73.07170482233545 -32.17890373606076
-49.19140296782658 8.236042861505485
20.508344081129184 -1.6621290609763901
-9.836250698321162 0.3340183646370646
3.9949001570458216 -0.07192145503102478
-0.9727748832075358 0.023660105871718996
0.3047456830008152 -0.004770122753859634
-0.06577298785624544 0.0013814445790020682
0.01143012483501426 0.00033949971304032323
-0.0011761819657878409 0.00040416187192484504
0.00011917445871148166 0.00028733583164565805
-2.3459321130162464e-05 0.00019285752940732785
-6.798926869732881e-06 9.638184930716877e-05
0 0
