31
0 0
-0.22540497257139572 -0.038524450432234354
-0.3471934169665774 0.10473060557339346
-1.8171692553325283 -2.7278731945393546
7.557468761898093 14.593685583173512
-38.43398169475795 -58.10063101177196
115.28158396353976 148.54634117468527
-260.9994009885695 -268.15700074959864
425.91870104443547 298.7374560646048
-509.72454367468447 -91.71232590911133
403.45145424111985 -428.14137570633926
-120.02273437515129 1085.76546156737
-221.74860318462314 -1571.0167840946162
474.3395066151056 1620.6284278418618
-562.6139076247524 -1277.8827027772056
508.4654097787851 773.3346190182356
-381.1227586303355 -361.42746111975504
244.03245084596634 119.1860362348833
-134.11473339973773 -25.611272238737538
66.8968121945092 -5.043668211897216
-26.907400367934596 3.846900770160705
11.901983374268813 -4.236608910562214
-2.088144701344927 0.04533488210285018
2.261479945665906 -1.1313248119581383
0.9880107792880074 -0.4772952342404335
1.1132841038959398 -0.3656904788518205
0.8835812707492543 -0.17734654586719512
0.6806996360465482 -0.05759781660118563
0.4535512131453816 0.013673421111752999
0.22295171445008133 0.032126577055379885
0 0
