36
0 0
-0.0004043866192296447 0.10157237114375972
0.007863067488882214 -1.8065218292914458
-0.07258507970941531 16.78730134554812
0.42234445107746643 -107.50359934458707
-1.7363947772460042 518.4496822420756
5.353921662832501 -1945.0640862478538
-12.83715672261155 5775.106872677433
24.54864566331033 -13763.179662064005
-37.866218728634834 26681.00197827666
47.18195924980863 -42587.05392358753
-48.25804342732343 56533.60573228375
37.23211402806819 -62848.18824463335
-23.475156977885074 58660.47060214682
3.7747602801003493 -45822.55531163843
5.355062879896483 29643.046978501145
-14.2219672996125 -15559.376630888737
6.643963954577182 6385.583304999331
-14.892628696800388 -1897.5108590390603
7.215974550992038 319.8777519763323
-9.11304356151096 22.58108638863541
7.627283216035068 -33.812142936538066
-5.802020484868366 11.578773829148512
1.457340976093781 -2.472161409749338
-1.2484362590469453 0.3888434368247502
-0.030994636815380675 -0.05367706326724137
-0.1920644236083532 0.003725714842178307
0.02340581552598393 -0.0017900169238237128
-0.0018772187364483805 -0.0014817153001687722
0.003442309575733431 -0.0011782180056294023
-0.00037222599077391084 -0.0009981384184984217
4.796760516309008e-05 -0.0007948723335104357
9.089637045100188e-07 -0.0005965435289833874
-1.2338866599615034e-07 -0.0003976687364528071
6.849435382313079e-10 -0.00019883670079781242
0 0
