35
0 0
-0.0008042943588214751 -0.09121746481316277
0.013107971184543253 1.4858166481842565
-0.10126376557249986 -11.28992905879956
0.49645417956535026 54.36275525263344
-1.742714371781229 -189.87689904933848
4.685018242655424 525.4609022955854
-10.043820175236721 -1226.1753504718258
17.552762030473563 2503.604232946127
-25.433890005232545 -4525.664485573401
30.676075481232594 7211.858054921412
-32.17165813028264 -10041.76929627281
26.756434027725422 12123.471162462474
-18.159424899214795 -12611.494029281517
9.04628657262864 11233.639905869295
-0.018831328984866367 -8506.975437851213
-8.867119445049555 5429.048311118242
12.968983315741028 -2886.2211806259374
-25.48170064391794 1257.0483154167089
14.285728950872493 -436.87271661136634
-16.561743915750146 115.5653395658255
10.281650655451868 -20.817065698807795
-7.6708872297611155 1.4632829316568525
2.89088712835827 0.4843207855323062
-1.3197806500059968 -0.22581016568483092
0.39883941026657305 0.04875213083424977
-0.11873981188595317 -0.013161313281172898
0.05498440193391249 -0.0020363795044546894
-0.010415396635645443 -0.0029795382905601873
0.0017525747740837142 -0.002361427173532337
-0.0002167433912452842 -0.0018988462695562179
2.1363053369694794e-05 -0.0014236535691707383
-4.306899084859322e-06 -0.000949167217227815
-1.1635685301561926e-06 -0.00047458273030629756
0 0
