32
0 0
-0.0692612507816009 0.05983006391834131
2.093606912873678 -1.9939250556868418
-15.9805532630891 15.7135698558049
82.38891428273564 -83.57305889226411
-288.449165080002 309.4476543445912
725.6930282613707 -857.3291270068286
-1295.2603514130667 1825.5375177123483
1529.4575762684208 -3046.774543182557
-773.862639844762 4016.325159782634
-1117.3198330798118 -4184.73752187085
3322.085983810646 3403.6812898004964
-4547.663490155499 -2081.908145416739
4182.97177831392 857.4860787037578
-2736.6552078062286 -102.29060626625875
1256.196209000299 -193.8212347817722
-348.07554823761785 220.367540604325
3.9109864613922087 -154.541246790953
51.95937669648978 99.01795740073801
-22.31879888584109 -46.92948360171553
4.670632935112075 25.97277375580937
1.5184849812281254 -10.37952919118599
-1.3652674958154112 4.62606752079287
0.4135674337298145 -0.724007212457526
-0.37438798233200843 0.6925086489096708
-0.15918785477689046 0.30691136518455786
-0.1895506089915178 0.2995183327089996
-0.1599729973531634 0.22330210825900298
-0.12966545891310466 0.16205116044576343
-0.09199963179931907 0.10316899436016966
-0.048616607900998 0.04899488788684179
0 0
