39
0 0
-1.8733207901797054e-05 -0.33607716772055607
0.00048644747747748375 6.79937855963151
-0.005782789060865224 -64.8906889068203
0.04246882303511347 388.8419483125833
-0.21699869053820475 -1643.3849740016087
0.8207442236641189 5220.965631679967
-2.4003137381695314 -12989.358742310633
5.551948501394148 26063.099631770172
-10.0428476425241 -43148.63738429681
14.974639630716135 60003.04779263764
-16.55802730072005 -70955.29826237017
12.329057559976626 71643.46645214372
-1.5547128308593738 -61231.37436528057
-6.177883389950676 42957.80802024097
17.659535024159098 -22732.881373557844
-20.54051416397734 6340.300594854032
10.122427826044897 3167.839969733195
-13.756657568355347 -6204.328837016459
-4.323699476721746 5323.162547049416
6.759914192775035 -3214.7380069782657
-7.308891460991 1470.1675961270878
10.389660147507783 -506.6504134086301
-6.100296441196127 122.15965185752196
3.0971049813052822 -14.652497792998572
-1.7265038067943217 -2.4610041278722377
1.0858761543130642 1.6654635219701475
-0.37107443734386186 -0.3673970321352626
0.3109059340073059 0.021264261555174125
-0.06771654694013024 0.009266187280365394
0.0183132904498123 -0.003439858222711327
0.0037515413350868044 0.00017053116092464673
-0.002636615799388039 -0.0002965229142100923
0.0004220133800265868 -0.0002079621040947124
2.2498285232331647e-06 -0.00016869888695250816
1.6771311652334112e-06 -0.00012640242860627703
-1.1374231016698515e-07 -8.427416206541685e-05
-1.023313862530324e-08 -4.2136768466417986e-05
0 0
