34
0 0
0.04201093542729268 -0.0026366107420355005
-0.5432639608496106 0.04475469716381504
2.4206971877007777 -0.3649041476787762
0.39271684068633106 1.895199467498768
-61.28976127187229 -7.035544650808249
380.4216842466113 19.796755726828696
-1409.4049295648229 -43.65668615259649
3753.48805246389 77.28077181535056
-7678.171769826222 -110.8024382771592
12456.342983297429 130.91952045298177
-16304.729788797526 -129.62202853092003
17382.98293501842 103.0984823513085
-15172.348872071447 -73.02176591224476
10877.982358864656 32.831314196095214
-6434.847875290671 -12.54234124002996
3172.1699886488386 -0.4194166406604407
-1332.5199363736338 -1.8843870579134674
497.27976672804795 -11.395007463869593
-173.8082455476538 7.029677692395836
58.60485242676885 -5.120753432072608
-18.4906727198719 1.8329330174424843
5.115229537812795 -2.4872441505792455
-1.129394823384612 0.7902758149225662
0.2049307409188733 -0.21823813363118966
-0.01619312646264956 0.07892361934884133
0.008833867499859718 -0.003684434282578812
0.005806381480030372 0.0024888266284817722
0.004947872741743235 -0.0010946740151154617
0.003951325137607221 6.382997032940968e-05
0.0029638986372663868 2.249974836277419e-05
0.0019757938797065593 7.700616862712807e-06
0.0009879549259554964 7.602059209229246e-06
0 0
