40
0 0
0.20582691639842815 6.675485091654329e-06
-4.440117551159315 -0.00011617311331263918
45.4858111530501 0.0008832915136441567
-294.4698044490338 -0.0036489247200500933
1352.4423852597422 0.0074125748106413005
-4689.422726111733 0.007757910263156246
12750.847963084661 -0.09903430462344469
-27860.24530636111 0.3690957476993943
49669.25315813557 -0.8753910937977101
-72802.93474392376 1.4230516854117323
87666.97839653306 -2.1616078721311927
-85589.53493757211 2.8367550863721487
65147.59859366424 -0.1668517235272849
-34184.16431607097 -2.2985529276245735
5149.907161607943 5.308128849135709
12577.212793677456 -7.578743303232617
-17214.178319092825 8.251686793517479
13245.604607083105 -9.808375687302712
-6790.0964343789565 3.4128913002878187
1869.112798856493 -10.1675106024181
463.1955787458147 -7.281504805505423
-954.370946036237 5.916001019691573
690.4390340026818 5.451448949725171
-344.2411320778268 -1.4518370138121732
131.72601033579076 -0.1671737707722611
-40.05374433867719 1.4033419520293886
9.815526095129243 -0.6057337128999739
-1.9523498821798329 0.26848802767027374
0.3155183980706108 -0.2051950711891655
-0.040714240275068606 0.0634246030896343
0.004067873360679345 -0.022154794130123952
-0.00023109101450035732 0.002544331264676612
4.766932981682427e-05 -0.0018998164789363577
3.0060288688599105e-05 0.00010858910696022568
2.4265407607887288e-05 -1.5463292292085498e-05
1.8200016993823326e-05 3.929105911982236e-06
1.2132348333880947e-05 9.182198633044297e-07
6.066160024929785e-06 -9.77729568069623e-09
0 0
