38
0 0
-7.052314951222132e-07 0.0018962159979621336
9.067341537349764e-06 0.020011472427364268
-4.098394058210183e-05 -0.9204592440653983
9.258216197115174e-06 11.630881846612441
0.0010185878343869671 -86.71718549032329
-0.007170648813325027 449.95737363027024
0.02383115706434167 -1745.2946335519212
-0.08861811132429846 5262.263214605192
0.15020781381432827 -12635.725279746242
-0.1659594562535989 24554.341814224023
0.1513855942273401 -39037.78713874512
-1.0872390095779698 51139.679525349406
1.0915078508384064 -55418.97865465449
-1.1473236570925867 49723.18904517213
6.955400131846647 -36835.31734006902
-6.202631669005048 22349.238471591525
12.29967915697947 -10903.500802247256
-4.589735977099016 4090.1057947655186
8.940729472651999 -1021.7618230148236
-1.3925441405537484 38.3805995734434
3.8205214593410846 121.8442898140955
-0.84804929988205 -78.11871005862618
0.07465218076796479 30.610390104027772
0.01909002097846614 -8.765794149663058
-0.14129001030163363 1.8915895877886897
0.0781926940979415 -0.2967961311870666
-0.019645425835271107 0.02814703848862023
0.014924514085181962 0.0006973272072726698
-0.008388907175810452 -0.0005403488289131487
0.0023231445372401847 0.0002739517882236346
-0.00043510105082052825 0.00010900968144361594
4.720618169391911e-05 0.00010357599109315478
-8.920186535390422e-06 8.204363073199018e-05
1.0680128500145279e-06 6.155830845027633e-05
-6.151669963195281e-08 4.103859836103086e-05
2.090171454330118e-09 2.0519327480107794e-05
0 0
