33
0 0
0.004838246933346696 -0.00607089297264754
0.17471699519683545 0.11052673845224185
-2.9895747376560977 -0.9575792926816441
20.346773354653436 5.179514785205336
-80.29087423416185 -19.41116842511286
197.14750809461532 52.838559084932285
-256.87619698198364 -106.66223375471611
-131.18317061864778 159.21422069650444
1568.696806189547 -170.06614073430893
-4361.986262583701 114.57607418035153
7875.814953839241 -16.211422778424843
-10575.021113003 -71.78852483353235
11072.254274562436 86.83730964999438
-9241.876759487528 -46.832758143057795
6218.562852314617 -9.904970495579532
-3387.1986380575618 45.42772215380155
1491.8377131634163 -44.67265230018128
-527.4806311754714 45.299186770412575
147.68650464871408 -23.36412827131148
-31.812321177551986 9.072931843473926
4.879703222967043 -5.8246098701223685
-0.5003604416728222 1.7738192491315579
0.04141530485520616 -0.48180517950804885
-0.011079078809645156 0.06378382558482557
0.0036514351088461246 -0.06561496726589125
-0.0001681077451334671 0.003950146173201327
0.0017094571790533684 0.0018318761749861797
0.0010778239183198124 -0.00016591293981824611
0.0008410433695997519 -0.00012703511944631545
0.0005610194611456505 -3.9162761443359525e-05
0.00028159172504443143 1.0454013772970875e-06
0 0
