41
0 0
0.04008104500847309 -6.754151069763175e-08
-0.8832412824606404 7.255102248711533e-06
9.171920194675758 -0.00015565279504853012
-59.50675686286023 0.0017689907008547221
269.1911385539451 -0.01260578601474555
-894.2993956416607 0.06847073793294653
2223.307077146182 -0.2810951308191476
-4066.8533130049254 0.8946704041506583
4934.6953689448455 -2.3562041199568124
-1786.7833470363228 5.041225513615886
-8427.975569539112 -9.156199953244608
25625.004751618148 13.752738245487794
-44473.253868143824 -17.185898687076577
56388.025943786684 17.6172443892168
-55192.0843198471 -15.07971615356033
41741.111767146795 7.772952834017198
-23141.21144279793 -5.041641504351783
7406.060152412919 -5.315862797669608
1420.6300562861977 4.513107099089878
-4032.5951790238983 -0.8473624839684928
3359.036632493912 0.7208590187075847
-1918.0355215579202 -0.5368393941405577
852.678354193877 2.5096310260457018
-310.6336722820655 -1.0774593082890616
95.89494388907409 5.624224801392115
-25.795031017781444 4.986081875440339
6.172588728264231 0.4745923402513681
-1.323099500606388 -1.0912267123211317
0.251800656479527 0.3515638149711251
-0.04184342589881803 0.23013122676951908
0.005919100979741031 0.020660219700035926
-0.0007282537497462085 -3.343997626325134e-05
5.0252787488903235e-05 0.0002983442839996142
-2.050800678140568e-05 -0.0002841736923864503
-1.2546528312009156e-05 -7.274985602292186e-05
-1.0284890288954437e-05 -3.189495826277295e-06
-7.704545047011391e-06 -1.189708753132878e-06
-5.136172905632842e-06 -1.0499120049917199e-07
-2.568065574499606e-06 2.7686275034990805e-09
0 0
