17
0 0
-0.3926990811924904 -2.3193784921548344e-05
-0.7853884440113988 -0.16453979447111275
-1.1042436479096365 -0.4935454393885499
-1.275442172958377 -0.9513547915082212
-1.2438469502267195 -1.4666025769074917
-0.9916846454532741 -1.9429164555772616
-0.5505321576130435 -2.2802591178765166
0.00014190127796273572 -2.40226665670638
0.550801481321731 -2.280194048930148
0.9919141620744446 -1.9427993244408734
1.2440201793455303 -1.4664556219747928
1.2755545436915052 -0.9512041272111714
1.1043019403789363 -0.4934149967864311
0.7854078749175158 -0.16444701878951498
0.3926990811702665 2.319384093617552e-05
0 0
