20
0 0
0.3291616707766229 0.031797568498190584
0.6472240278871553 0.17849412129844158
0.9117195941534642 0.43598845964243843
1.0817959657675287 0.7834957660839114
1.1251860731547176 1.1842545525791572
1.024923296959379 1.5892488745237208
0.7841553895732193 1.9441819790486314
0.4278092053582775 2.1980629544707027
-1.0236075286102153e-05 2.3127048916415207
-0.44268083602675007 2.2699413905385843
-0.8406458704555768 2.075533668320088
-1.1418044361014557 1.758120459143502
-1.3101802731642325 1.363685227266793
-1.331067358191629 0.9469688654787126
-1.2117659501326006 0.5619371360012131
-0.9783167676408975 0.2534069597966929
-0.6694228055701792 0.05130397455271526
-0.3291616810996607 -0.03179756376888739
0 0
