19
0 0
0.34906585068763457 1.6789354331204085e-06
0.6981310754615992 0.12901786295407408
0.9965318409452094 0.3870478301511216
1.1936043751130885 0.7528712247091882
1.248209336704329 1.184038505975379
1.1382571429323158 1.6214975328597088
0.8678184843232348 1.9987575356495666
0.46942612693327024 2.2543839833890136
-1.1902976349442677e-05 2.344835272640033
-0.4694468014162497 2.2543779512457807
-0.8678385698321777 1.9987516303090804
-1.138272358107203 1.6214840395260393
-1.2482209079648239 1.1840282329113403
-1.1936116235165741 0.7528588333130718
-0.9965355693621205 0.387038502104727
-0.6981323231379082 0.1290110680425784
-0.34906585041439725 -1.6842511705001181e-06
0 0
