16
0 0
-0.4154150937143759 -0.053758103584282436
-0.8067036108292849 -0.29395403700795153
-1.0837560217185886 -0.7089271535251616
-1.1625685197649704 -1.2398339006592576
-0.9921926931055018 -1.7841440159667548
-0.579493451971605 -2.21603185662527
9.9074130086922e-05 -2.4222797372419294
0.6165038355099075 -2.3425119212318406
1.1245027288482936 -1.995520862191302
1.4136685867678176 -1.4728059310234383
1.4398759980299722 -0.9030563557449007
1.228515546438416 -0.4097003482629548
0.8549567637081343 -0.07892162990641545
0.4154150941564076 0.053758100301015056
0 0
