28
0 0
0.23277517499460967 -0.003628191527676108
0.4638948316008747 0.10056361705311682
0.7003602835419213 -0.10071247525325129
0.7798438057600099 1.337498031648914
1.3781710316349434 -2.087063966995859
0.20857669149802885 5.983755660973318
2.825123586368175 -7.137395493108117
-1.0617847733351664 12.133231054604842
2.9917564800269196 -10.88183709000568
0.00030193817468378146 14.71734582957553
0.08050316508223049 -10.049862171282085
2.1637632553794646 12.099908207466889
-2.0541540330434316 -4.904482131195378
1.8785983000880297 6.44691153704358
-1.9314783691019792 0.07900139207964171
0.30440549353176016 2.7730536183253345
-1.405851481047999 1.6056255289366501
-0.7820129979651209 1.6150858110852664
-1.2223452670611048 1.3265702881591825
-1.1230880220868849 1.0514348872360961
-1.1273844636359334 0.7902231460648158
-1.0210320815235208 0.5444122358188977
-0.8743322878919817 0.33443284703576565
-0.6838278868807652 0.1692292829655814
-0.46537629406859427 0.05659452908716103
-0.23270838517035347 0.00017907485699923185
0 0
