29
0 0
0.1264511066903823 0.18291766740520407
0.2206159416381195 0.4184369500902091
0.27323238036745856 0.47117533668971934
-0.20176792767801754 1.6580971773620365
2.3786141064584894 -1.7094233109946377
-6.8477563086151445 9.209193885457077
14.175517884263215 -16.337663533095206
-21.34960881598546 34.7386720833111
20.630471221553226 -49.21987210532398
-14.106648236411708 67.43017869183066
0.016748488887559865 -69.55235042802045
7.036050288412543 66.65727350692327
-14.241330957731174 -48.11178202074471
10.531079517732785 32.39843108101623
-11.757260104872493 -14.8222099070932
4.672009319019917 7.119506731677875
-5.951579261217791 -1.4619097019374427
0.06330801242466982 0.622395820298595
-2.7199157535286327 -0.04584872741270241
-1.3368564653529655 -0.23950835541396395
-1.5664948251165953 -0.36870280080147555
-1.2029957900060928 -0.48570663376197026
-0.9884205667003155 -0.5286334413831274
-0.7360187235834519 -0.5184828064450344
-0.5048523370169047 -0.452704480008258
-0.2984664689478569 -0.3384570075716237
-0.12782776030091067 -0.18410322389961614
0 0
