23
0 0
0.28559958579886446 -6.061218895460867e-05
0.5712148454610438 0.08534148175807701
0.8300060056585886 0.25612681246687213
1.035162799612555 0.503784381585494
1.1626106830763807 0.8095042778067548
1.1960601979230403 1.1500789113627818
1.1236095496864662 1.4908965977443651
0.9529557338262041 1.8033883736965313
0.6890560778101701 2.0517877396489825
0.3636258789800224 2.213039044554827
-7.74641377366801e-08 2.2688150676163694
-0.3616632666155142 2.2130654255823163
-0.6893907373503841 2.052398107899425
-0.9509979220249251 1.8032409201689366
-1.123930524847539 1.4920299441465823
-1.1950420392299737 1.1499918054411307
-1.162473655486918 0.8103687140002719
-1.0349107649873246 0.5040453201757247
-0.8298990842907192 0.2565271184998749
-0.5711807730254294 0.0855706549596571
-0.2855993287086611 5.977157687191337e-05
0 0
