24
0 0
0.272342183056122 0.021427464020731805
0.5385498432590382 0.12056751093152479
0.7754366301324603 0.2960736530270732
0.9601430295658373 0.536751128913307
1.0727342033638654 0.832688459776401
1.1010723353271534 1.1460296627696878
1.0316190423897587 1.4815553729858777
0.8770444350518837 1.7572965625764778
0.636520049316665 2.023949413846475
0.33302405780190664 2.1642785432973652
-1.4611715918786474e-07 2.257195129697071
-0.35143790931755337 2.2169593308439226
-0.6692056429321148 2.0989637193118904
-0.9440873770181871 1.8859234186667175
-1.140784652975394 1.6104004922175363
-1.2513519607784356 1.2935431229882315
-1.2662621607467275 0.9648136467062743
-1.189726119528729 0.6522547571673523
-1.0324063323149806 0.381003584130051
-0.8121053420693862 0.1709049231989072
-0.5507995860856716 0.03493584736657118
-0.2723407269797974 -0.021422236746137135
0 0
