25
0 0
0.26177760991240867 0.0005162444909489398
0.5237145746827669 0.07246965694571006
0.7631222611996026 0.21632728411127247
0.9695735337450729 0.4244055875898039
1.0936507949901968 0.6865810853395365
1.1926046126926437 0.986522796885799
1.1264328285762182 1.289654256936961
1.08576934942089 1.5991268024949037
0.8405525055703551 1.8589995307863467
0.6430540928508185 2.0595437813757953
0.3081760552831301 2.2072000367563054
1.3554950026536082e-07 2.2329581742271225
-0.32929141120835426 2.2022421905358947
-0.6297910643426293 2.0601968064965335
-0.8770829782963675 1.8569520637545935
-1.059799956658414 1.5898013589334958
-1.1601795117955032 1.2903889246137152
-1.1757418434993818 0.9793959843493637
-1.1079832355087302 0.6824904046283581
-0.9663171761660394 0.4211177008309801
-0.7653881590162369 0.21306674122760108
-0.5237367492649524 0.07049902976487821
-0.2617987320167946 -0.0005098017287909594
0 0
