21
0 0
0.3141592590055937 1.4354473356252375e-06
0.6283181737338337 0.10389457284196822
0.906210529128293 0.31167043030705194
1.1115804734293704 0.6099642305482368
1.2133948586829468 0.9718543055547431
1.1912628500821107 1.3595758620879184
1.0393540210423216 1.7279678623961434
0.769314985841172 2.0319891164781265
0.40899960599830043 2.232125218438886
6.519045645034179e-07 2.3019853558054657
-0.40904827157685447 2.23213231146852
-0.7693005019747969 2.0319486285504653
-1.0394054423606416 1.7280130579686928
-1.1912496696589179 1.3595063928831506
-1.2134181088816955 0.9718831490226648
-1.1115813607954983 0.6099346710259723
-0.9062146489461008 0.3116673703018102
-0.6283190304039605 0.10388755251664172
-0.3141592658370586 -1.5097747156227674e-06
0 0
