30
0 0
-0.1988693771817716 -0.0494765621126079
-0.644034469160611 0.23015255715994445
0.7710658175602837 -2.714120259585518
-6.057319800325378 11.43495780964235
12.639644433222845 -41.09067070607892
-25.487406913581815 105.78282253555929
30.66015205664487 -225.13807375567464
-29.135478988591856 383.01482360221013
12.662124220040607 -545.1298586324158
5.680826137879836 635.59797554867
-27.673788683653 -623.2001256454773
47.21338980275984 502.7640081157687
-66.3994113304982 -344.31064617002414
76.1984276558977 190.5820838930116
-72.43403138861572 -91.3763024136504
58.311130365406555 30.907288392259815
-37.30561839412306 -10.98549470941381
22.43140879457281 -0.4560528856106184
-9.033115793552735 -1.152872602145934
5.4028595840000495 -1.6518635183167245
-0.18526420947972308 -0.850896665442681
1.667055073222901 -0.8387612534488376
1.0547088802932685 -0.5307907032716799
1.0437208388602788 -0.34854044592365435
0.8491402765895876 -0.18067182237050355
0.6528167171445961 -0.06241388659059
0.4361715099397765 0.007739771732788706
0.2149558745114308 0.027962404408749565
0 0
