27
0 0
0.23903678713986343 0.03565317831360096
0.4694252397542088 0.12922317558511942
0.670150378561745 0.29982560492841676
0.8671738866993158 0.4206272847489556
0.8550562558874498 0.9327413282415279
1.2442445760831038 0.5961650515475803
0.5488947804774982 1.9217138605442292
1.4785663083170464 0.7296387965346869
0.13196793314807564 2.772246705294222
0.9862436997405511 0.9056225044353197
-8.995544151744078e-06 3.245460796903283
0.0517978005237552 1.223996161311837
-0.3019418094628829 2.9091730160732863
-0.6815983417267062 1.6969095420623657
-0.796537132752684 2.1593881046120464
-1.1313676318158925 1.6880131675921488
-1.195561851079975 1.5259035765343096
-1.320044557868899 1.223172288501842
-1.3091409281609252 0.9441835837359659
-1.2528744289699687 0.6691344637400208
-1.124941632271887 0.42479391158006535
-0.9462339319545024 0.2233037685755103
-0.7281611456053496 0.07591906931516541
-0.4869964757627583 -0.011022265649244833
-0.23903080975433325 -0.035548503028576824
0 0
