22
0 0
0.29810277807364827 -0.025593206922028048
0.6042446203447184 0.04246731716763195
0.8874648800162267 0.20682533461722216
1.1158244103627792 0.4593938760366253
1.2606135139517052 0.7806811854848564
1.2999441233965874 1.1418285338377936
1.2233797745132302 1.5060088497310335
1.0328684767813034 1.8345201556003472
0.744962091466411 2.090363401014179
0.3881324503904812 2.243646923807818
1.9280272665088314e-07 2.2771427220062392
-0.37777606620690973 2.1866300505265808
-0.7050804305113754 1.9837663254464768
-0.9487153950317294 1.6925330569140584
-1.086369827947338 1.3466257714272096
-1.1090464634047947 0.9841837894476986
-1.0212167950151438 0.6428364896871487
-0.8392171388952774 0.3550754844583089
-0.5881650881127168 0.14483785018594603
-0.2981026937167891 0.025593063581032964
0 0
