26
0 0
0.25099579029978325 0.012378937261638244
0.4990499702071964 0.09152495706753469
0.7238846677352789 0.22842477263743194
0.9173455151330505 0.4531277398564522
1.0377151165944931 0.6448876230105828
1.1186342149793642 1.0292802128209233
1.1048175912886655 1.1936165664181793
0.9875508034426901 1.5983521423307516
0.9011184094628493 1.781636230742127
0.5622179075561573 2.02980856726398
0.41087339515045856 2.136132995765067
-9.577922033681006e-07 2.257445534358494
-0.23799983582869808 2.178741205420399
-0.5754243123556676 2.1349432120837055
-0.8174171259987145 1.9320698565866568
-1.0265989775279654 1.7177959684479953
-1.1618371831076277 1.4390964458510438
-1.2203546540963524 1.1468487489276893
-1.2014463102945587 0.8518482767255674
-1.1084059958011652 0.5781309279151265
-0.951570981171339 0.3429260356751097
-0.7448815267497441 0.1606886136613352
-0.5052968349505799 0.04081516005033217
-0.25101861284939503 -0.012450633034043352
0 0
