32
0 0
-0.25025778077775473 -0.014500746437645734
0.3310431153818147 -1.5227075858321801
-5.104575388779857 10.636882768160376
15.912395111583681 -58.85946962255502
-34.48118408865883 214.2281398413501
25.295233387728913 -585.47484956539
60.304988590889685 1204.777413954891
-237.15669205176016 -1915.101921467984
396.4539635295892 2330.3267694280694
-382.7429832875228 -2114.3552291563587
148.38802638752733 1241.042905391766
169.42343277857753 -82.89455918407057
-379.74915562787595 -881.4513432734963
397.05592104886165 1329.58713299688
-290.6668330531426 -1266.9190781798056
194.63095534954468 911.9117267830864
-137.3705003449516 -518.1311214472233
91.71610322637943 230.92056267481902
-58.3076900030662 -85.15015151152048
29.938209548317182 21.78595655334904
-13.335765007661557 -6.977088695317837
6.430928842609369 -0.32420970401711907
-0.30985938379139527 -1.103527480854195
1.8234587988978652 -0.6017890820219485
1.1777532791564573 -0.3406983657409133
1.1281667810185458 -0.11954041109199239
0.8968668505046096 0.03134406496289605
0.6669293783742329 0.11222108359888582
0.4288754656505487 0.1280852244567454
0.20220914914745977 0.08699450474963982
0 0
