40
0 0
0.004565533569206242 0.04397821537796287
-0.09642141168781403 -1.1370860056681968
0.9611689449178529 13.615609015422589
-6.012510412487734 -100.91932863645478
26.449883312940976 522.6778279955123
-86.88317418611231 -2016.9970396389315
220.88732807748582 6023.820039404313
-444.3948936646634 -14240.879194524814
714.8457459018875 26961.338671594887
-925.8537507545228 -40940.71622231177
957.7922660599259 49305.23419924174
-762.1350026330977 -45473.63326241497
427.6743763606634 28968.087041891406
-109.31271198713146 -7371.858619843578
-134.24803349316826 -8728.440619235565
238.8099395304578 13620.478912437713
-239.79311406529987 -9635.748607673006
198.42239293830107 3301.074831395951
-152.77065865480958 589.2632068070548
111.30920287413518 -1334.2737518565796
-67.25238468540017 602.4207228535797
30.150953772488247 89.58729827394278
-17.9004285152866 -301.156841981183
5.809662956714709 228.26612771287552
-4.966663115319574 -111.56817323066532
-0.2392006128498993 40.66302158037366
-3.750554444662967 -11.728256144399465
-0.9995123263417692 2.6966884632821957
-0.7447219020480049 -0.5184610561802413
0.09368856138547713 0.07783435483719095
-0.2264469315009558 -0.01384777093685357
0.030028333487998816 2.8634911895191665e-05
-0.00402273906745503 -0.0013276640745632843
0.0013748617814906318 -0.0009319238181629117
-7.571450370099979e-05 -0.0007680781917282155
3.496424394098893e-05 -0.0005738206082251337
3.287431463828144e-06 -0.0003829690931605947
2.078735386700895e-06 -0.00019144974742593308
0 0
