34
0 0
0.0035780707860528474 0.05432606782454595
-0.057101186008990855 -0.9379085731806203
0.43950095720701693 7.868962009357752
-2.1491433150724477 -41.76250279426809
7.5141499358234265 155.830865896182
-19.881634326590945 -426.05383428597946
40.79736773318196 857.3898532188507
-65.61848493072455 -1215.6830597108133
81.74604437243488 988.7173939736186
-75.43487145122882 272.2446872698774
45.462566118503005 -2385.8704086475013
-10.30129090735962 4401.238006656097
-9.094091485991946 -5254.543031893227
10.45992204038788 4632.72765034047
27.02771751710079 -3130.0536358897316
-50.823430160835656 1625.6863991661887
8.216178020866417 -629.5365357812966
2.0515682557512487 162.54977975675914
1.5894089023225102 -12.810172039940417
2.4447630957918776 -11.993071342357121
-0.6148343216127364 7.531324619950315
0.32538246527554754 -2.591421282965036
-3.082307076060261 0.6158561953140774
-0.21721803510602145 -0.09583708954919125
0.00641775522919867 0.007442021771773558
0.005820922921163567 -0.004980699953275118
-0.0029475685380246294 -0.0036090253954066446
0.0005942991687830707 -0.00301510047553688
-0.00018002792480943284 -0.002410854703232331
-9.724469811950538e-05 -0.0018075416073797515
-6.790460341028297e-05 -0.0012050619987749622
-3.369176310213072e-05 -0.0006025826968540867
0 0
