36
0 0
-2.3178610915564942e-05 0.17202399618166705
0.000578480784504193 -3.2840799942732994
-0.006373420092312343 29.826234143122075
0.04279058040125423 -170.80010674502023
-0.19938877821917983 689.4391258256841
0.6904822962435336 -2078.9740765921683
-1.8389262201617986 4848.821233630493
4.040935227707264 -8952.36575010021
-6.989332698204183 13324.739459618739
9.530627412389583 -16287.227537771934
-11.323342421660204 16755.409290604784
8.136087479469834 -15019.723378631272
-12.614074514785825 12206.897142452737
9.41312893610306 -9199.671496127194
2.60959105819575 6321.57635680971
-18.584407102808346 -3767.6124387805953
-2.520328012416571 1832.558760610232
8.17062271392367 -678.7981770521401
15.396302053242191 168.6657920221495
-5.567168591890961 -14.301174186204735
1.033757403364202 -9.69779050288239
-7.4867231131594005 5.979353837339542
-3.9939843683440803 -2.025808486475024
0.5094815381777156 0.49361953772347905
-0.04644654558774556 -0.09062709799331974
0.06037617003092254 0.01240938373226407
0.007664809656732897 -0.002286461810631147
0.004150267334553071 -0.0001497534186745141
-0.00223727530194161 -0.0003985261788240631
0.0002397082835909234 -0.0002948677703715906
-7.58616773338617e-05 -0.00023971948684055021
-2.190970596701603e-06 -0.0001795102990356485
-1.5252155892532238e-07 -0.00011969607195019254
-7.50251690955872e-08 -5.984721295697765e-05
0 0
