35
0 0
0.06355634035375474 0.15575839335233785
0.34564964166330414 0.1677045746589283
2.4167858023577455 -3.2095084606154822
-15.88831094040828 30.502792933451925
43.420140845714776 -123.42219285879196
-40.37602684954514 330.9406679065727
-69.31079919425439 -646.3664928058374
275.55492186813086 1013.0579469483775
-420.26911875417505 -1298.2512586667515
352.37523309012715 1275.114075467132
-120.39322620363586 -778.3332520034844
-92.33933645482888 15.856915887250253
176.66664422950066 515.34533461837
-174.03244346241257 -513.8636349445912
102.33844946242326 161.4452466388223
67.0075398122145 90.79768966534472
-150.27189771810478 31.408528464185604
-67.70776410393782 -311.0144325042947
295.02965741489595 347.48429083821685
-183.07882668723306 -132.49295637939807
-9.56029420116879 -25.91621714914725
14.767234836634472 44.0248412686775
8.11148020132722 -31.51637238199153
8.179137544902598 19.44765711301959
-3.6417807192368503 -5.3684617860037
0.6502460976287349 3.5943462167315827
-0.6630868702822682 0.07531617175150718
-1.0218935056556597 0.2970464971383268
-0.9581395674813502 -0.11254361974363501
-0.7343957073949888 -0.21535735195543732
-0.5036587535499153 -0.24643427949140578
-0.28964540808519823 -0.20027039611132497
-0.11902683360589177 -0.10958443091074087
0 0
