38
0 0
9.226676462099909e-05 -0.12999628935265636
-0.0017584890127468568 3.1360431619579665
0.015550115714874286 -35.082345193369974
-0.0844265899267547 242.61485677874288
0.3084953227016494 -1164.100212240276
-0.7939973935169312 4115.120174096151
1.4720669633280299 -11089.184404502557
-1.6278987144044998 23210.28661120145
0.3383111646065416 -38013.31099882857
2.915454758819328 48529.452128747835
-3.9431250621651506 -47328.94983151406
11.122806296010754 33276.31271355405
-6.3010721609968 -13582.148563046945
4.091764090747257 -2131.1996400317244
2.553080045535922 9331.41283029122
-0.8233077024542067 -9832.751056803221
-1.1635430540383915 7573.326382236557
10.533884538004179 -5057.392859722356
-19.49234893060514 3052.0565176875903
2.2240806540018236 -1627.1863737358635
0.8491247018948636 730.3455359149443
8.484908142719652 -258.99712132936844
-9.061119110273717 64.9625976359427
-5.583894275163798 -7.759174620664618
1.0473173013747592 -1.73805463745473
1.4996446930959781 1.1952850701068864
-0.630377320157192 -0.3401794022517013
-0.020465106617934863 0.06381421637103801
-0.13635459990024942 -0.00861165659160232
0.006792355327800641 0.0008324727035993031
-0.002488907798237999 -8.460552753610983e-05
0.0007956478959132984 -1.01024179231597e-05
-7.472676874906499e-05 -1.1898088546641897e-05
1.5793691026818086e-05 -8.706544506525381e-06
-9.828084422573562e-07 -5.818304288881491e-06
-4.094333514366718e-09 -2.908712469164614e-06
0 0
