33
0 0
0.0030274491379765653 -0.0935058400426186
-0.0551571188182422 1.5716727561310806
0.484478392594652 -13.505980909053555
-2.6301557474433106 74.04482467297888
9.868137347983648 -291.394028757364
-26.967590997098515 870.2457665291372
55.03828195947411 -2040.959815121556
-83.6455346725966 3837.558754435638
89.2536858532963 -5861.691264756756
-49.758659628188894 7330.412103751584
-34.55743729323254 -7535.456305962653
131.6474653876574 6369.1831963566165
-199.41511534831275 -4407.39444884334
203.33510654511392 2467.1405679532345
-164.41452110098757 -1088.9272335969881
116.89877837414402 358.69861980750073
-56.14673890715468 -77.11077161189147
29.763651888394772 6.621710146186781
-9.413348462625924 0.8584501242495163
3.1442833324496893 0.6598800625012605
-0.28857984559669064 -0.7629860740873518
0.7973931022815484 0.39283232270895546
0.075278024035702 -0.06462913277945607
0.13104248374671437 0.042382769140090905
-0.00037649733456332046 0.025402950496030925
-0.0006177840270786309 0.022553184129891716
0.0012483550017865037 0.01902283369069549
2.2040489163347122e-05 0.015135803687158434
-3.74912949047142e-05 0.011362554980779288
-6.380540013234473e-05 0.007573444686557505
-5.01627571224257e-05 0.0037863602137545786
0 0
