37
0 0
5.130721067807612e-05 -0.0669529889656139
-0.0009727097859504853 1.3302943289118865
0.007945740328768254 -11.755751976330039
-0.0350174148664285 60.41832114184571
0.07362881607152019 -193.35421264588814
0.06289599189783426 352.04481750433945
-1.0326445609146189 -59.06508916228915
4.087573932629302 -1823.6570274733167
-9.908229896086597 6596.8305440389295
17.429409669933506 -14276.337638219573
-23.040141080542085 22443.713462230215
18.05858605245679 -27193.678598066017
-9.396847608984913 25987.361998910183
-6.985877767689086 -19707.150348274834
25.745509881525955 11771.51659369106
-45.49041071160293 -5391.609465661343
40.474426078881194 1753.6536446091304
-48.19072794501934 -290.10729581120324
36.9753166960722 -70.67918778152661
-26.543332805176377 74.16910062239137
17.519966985733042 -29.517105225643764
-8.502200071814805 6.295644143880029
4.474855436464776 -0.0075293102868075395
-0.9706489866756444 -0.5407004832822784
0.14937064768454175 0.22063586138325575
0.06646184481582885 -0.0544779951055287
-0.0640837225150826 0.009161902456540472
0.034327748643115885 -0.001762457701606781
-0.013158732183301212 -0.00018727705296209387
0.003116761869132446 -0.00031168587321626337
-0.0004259839049989854 -0.0002486796253880755
9.282507905838681e-05 -0.00019945761310110943
-8.931623711543016e-06 -0.00014957634900543713
7.238543926233996e-07 -9.971912464632923e-05
4.57976320261082e-08 -4.9859761211537724e-05
0 0
