31
0 0
-0.20912037229879776 0.07668123731372507
-0.24447113007300783 -0.9280596656312936
-2.18945628499299 7.363756300080628
8.534607138520233 -37.92421228319203
-38.99469092223342 135.89294447560445
112.3678301190796 -374.10543218283584
-253.58994977658156 803.9135452133795
419.4550308500813 -1390.1648078470155
-508.40811368285677 1931.8534301224477
391.3600203915733 -2167.974119791458
-61.804323264490854 1929.7583627993
-335.74751902902494 -1336.7779453255425
614.1177401100714 656.1747522561732
-662.3015691311837 -156.4262365339892
546.3886049853992 -97.26846404781428
-368.8671157118835 158.83659669736312
208.5276169185803 -131.25658754502567
-102.27190704063385 77.88154502445268
45.83447629396389 -41.08155259159331
-16.726548876869774 15.570818403428994
7.100069310210135 -7.416469800338414
-1.0107291438033885 1.0479195054378325
1.4643374374522808 -1.4120160868629053
0.8093093276345785 -0.5391731635197167
0.8668716190680936 -0.5225545725714013
0.725687540269776 -0.332076212700788
0.5772650145427572 -0.19687389911031228
0.39782471356451127 -0.0893588831318
0.20167065991559996 -0.02213844388374375
0 0
