39
0 0
-1.5675549154836918e-05 -0.12896998447988728
0.0003414363107032078 2.8014163370403393
-0.0035553092409623625 -29.179924885238254
0.023616416948468066 194.0968118723009
-0.11237899234238678 -926.7632644941511
0.40929882604499124 3387.112402981718
-1.1860375405332946 -9870.681257358561
2.775482519754037 23593.95235903268
-5.313249826747378 -47210.6937565091
9.250215679493904 80255.00667850071
-12.741044624120159 -117118.94714917819
19.088511015060437 147786.90114334197
-18.951555803163107 -162093.109601891
17.54437092674607 155256.57673349525
-23.3161385556429 -130606.13346960605
19.679016840498942 97252.09230902523
-21.722869465749312 -64728.569564112215
19.64360446478496 38862.06454845423
-24.14030666931058 -21122.26946466096
13.05859089977691 10323.601578015643
-7.322365823849267 -4457.489832118943
-3.2801015404416334 1657.4654352182692
7.884921145106442 -514.9815685083644
-6.692400860096656 128.78419819988395
6.868321727268707 -24.37491575380464
-0.14826074664504785 2.9705429858850403
0.5407062814140989 -0.0491707589034717
-0.5822669009718638 -0.07242102687602349
0.5184168480157116 0.018076564953399172
0.013863376450734943 -0.0026741092815834857
0.032833097293690876 0.0001268402741981481
-0.002276931889513481 -0.0001198529878726743
0.0006400084493561982 -8.574540849549188e-05
-2.0385452566256343e-05 -6.888905902818518e-05
-3.4183503416296186e-06 -5.172025757300587e-05
-8.22040052560146e-07 -3.4474746794928566e-05
1.587246281302614e-07 -1.7237526731025653e-05
0 0
