41
0 0
-0.0011402364464547228 0.21068840879791453
0.024718780485693644 -4.605498046521888
-0.2522841291333914 47.53128132545937
1.6081702011932337 -307.7135760405082
-7.158746596764773 1400.3003784129005
23.542150472874287 -4757.130926832693
-58.895742293261556 12506.865840946346
113.12797312282265 -26031.15314291171
-164.57019371540943 43502.95101710647
169.4990897955172 -58786.30352336437
-87.48989470688095 64073.34129757937
-80.8839826830758 -54931.62319731948
282.3077095779324 33171.92516247267
-441.91345755099815 -5153.4035960185565
510.39675522431776 -21910.673411148462
-491.3711772854774 42291.8898324795
413.71732311461915 -52596.06628954058
-309.8889152309852 52347.42791921205
218.87167560802575 -44042.84014955051
-139.99442572244988 31929.09726113371
82.47785123563565 -20067.05500872658
-35.447898373755585 10931.83920447572
22.20258448656569 -5145.418213602668
-15.389886184087828 2083.3958121806963
-0.08608193249063828 -722.0611391431835
-0.6851003260796444 212.770245566363
-3.732703239731784 -52.83383626134129
-0.26798491700082355 10.903400241375412
0.16476843805773475 -1.842004250310406
-0.03410599371086674 0.25112328343865015
-0.001492455917637767 -0.027322616255266694
0.016449098138459507 0.002556480797715245
-0.004743725046402645 -0.00022487892839993196
0.0007494174168217502 1.793330849132475e-05
-3.1310194497195486e-05 -1.6450215256523369e-06
-1.2141879765238517e-06 -4.97248893154493e-07
5.007226900046523e-06 -3.666998300870443e-07
2.172246159517154e-07 -2.6205147685669675e-07
6.112022701499657e-08 -1.3193700023414627e-07
0 0
