25
0.0 0.0
0.07340392070315972 0.25131444215500887
0.07796080271492038 0.5224862381900033
0.009564217143177286 0.795455527796868
-0.13963556952934422 1.0417698317881685
-0.3350748000869132 1.2623322153625627
-0.6377186400918353 1.3903648056474915
-0.8784058715999977 1.4825454117370558
-1.2760938138788704 1.4612823621258972
-1.500626053589333 1.3486278900041644
-1.827841011695691 1.1936058496742827
-2.012506263754101 0.9151731017610649
-2.148082363264209 0.6364472379221442
-2.205715846689028 0.29960529332580726
-2.152907293111787 -0.018696258683378635
-2.029735021165589 -0.31961503407999076
-1.8240433463407626 -0.5671166296519545
-1.5653760377308756 -0.7492131779138219
-1.271388202475561 -0.8514703649763783
-0.9674236692384145 -0.8703720039018615
-0.6766984688059023 -0.8081974818342995
-0.42040056657506264 -0.6741520708876132
-0.21543303999752422 -0.48255474447892516
-0.07339095662282683 -0.2513019268337352
0.0 0.0
