19
0.0 0.0
-0.3280768966755705 -0.11921626753634527
-0.6120915453886397 -0.3596894862868413
-0.8044265575554174 -0.7041164132151946
-0.8647120978390576 -1.1152478378676247
-0.7687788444559135 -1.5391422649242494
-0.5160355581067894 -1.91274084837579
-0.13301303007737045 -2.174963738096213
0.3287275593813116 -2.2791507269279596
0.8008303627633795 -2.2038453205725634
1.2111471222184638 -1.9584992575411904
1.4982808268145063 -1.5821840629582546
1.6236085672468619 -1.1352401486365185
1.5775438486038402 -0.6865372995691597
1.3789630749421282 -0.2999433655519094
1.0687998853021217 -0.023425199363074186
0.7002160201888046 0.11717560197102042
0.3280768949031374 0.11921626939093322
0.0 0.0
