17
0.0 0.0
-0.22955845256214 -0.31861494921727085
-0.3256557840099087 -0.733387114928326
-0.2451367629456595 -1.1844193133299556
0.02620437527548328 -1.5909563191855463
0.4627019207496441 -1.8665436518263996
0.9965585913410007 -1.9404210806714186
1.528152406414267 -1.7797239359111061
1.9490701919742575 -1.4042829576696094
2.17195439632666 -0.8861609666985915
2.1561025936829035 -0.33103550371289797
1.917023982699159 0.1519781526560722
1.5174297949190114 0.4787854427557087
1.0459034614556457 0.6074759947989251
0.5925780209830097 0.5410726762483519
0.22955845242631137 0.31861494912674837
0.0 0.0
