41
0.0 0.0
0.0594700963032908 -1.0021445660433204e-07
-1.3105058542229207 1.0764730044585564e-05
13.608801296177694 -0.00023094923571617503
-88.29292151895477 0.0026247331454860175
399.4113160076381 -0.0187037864935187
-1326.9132871046966 0.10159319393915274
3298.8233206424684 -0.41707381872570765
-6034.177954308128 1.3274637695523166
7321.835265435682 -3.4960087965376196
-2651.132915793565 7.47989895767352
-12504.976321259022 -13.58547644844421
38021.0021976438 20.405572452519923
-65987.01929802727 -25.499511047253964
83665.51651835797 26.139518573027477
-81891.04273570668 -22.37447081753836
61933.213968694654 11.533088857893276
-34335.68343308111 -7.480516182327215
10988.713253330907 -7.8873909711102055
2107.854379565941 6.69630529226975
-5983.347579835805 -1.2572708250183846
4983.957678210861 1.0695717952107584
-2845.8778246941597 -0.7965333853493629
1265.158227010338 3.7236553780749357
-460.9015159598271 -1.5986761027134362
142.28375400083306 8.344921907585952
-38.27327801581877 7.3980797967180045
9.158554774030463 0.704174558661993
-1.9631437928642819 -1.619103435470365
0.3736082551466335 0.5216314576794414
-0.06208502216786685 0.3414563221963041
0.008782443302555799 0.030654521481377137
-0.001080543698935098 -4.9616436106765955e-05
7.456238006873595e-05 0.0004426671833841318
-3.0428676149060275e-05 -0.00042164162260518225
-1.8615863105101554e-05 -0.00010794231893951613
-1.526016639096111e-05 -4.732402159363777e-06
-1.1431589067150037e-05 -1.7652257845753113e-06
-7.620776785230189e-06 -1.557802897445396e-07
-3.810357414492858e-06 4.107940404902691e-09
0.0 0.0
