37
0.0 0.0
-0.006403165401377221 -1.7207096568772489
0.12574774667689367 31.98237362572644
-1.1599001382105039 -278.72113068236564
6.66362100077995 1508.262235396737
-26.565696412261342 -5654.84185064453
77.38184713762706 15470.622700329373
-168.4154402950133 -31475.4424665846
273.28609957117254 46856.962286030175
-317.79382892154877 -46185.23919884223
224.9757818653218 14419.485867878157
-5.941832589178708 47596.90184119816
-220.87363929946366 -116790.23122121353
320.94995764873437 161278.7667410916
-256.65087821041567 -163242.00407074817
143.04328269797634 129642.06482271425
-96.00494911436405 -82681.75079719395
157.5067834541087 42400.20937388024
-217.38002698558122 -17106.538641884148
277.01519605046565 5067.4797983730905
-316.6834590009671 -851.5693660870699
269.5472157055858 -85.23292769985001
-152.39866977433192 117.45111230009262
104.01293096178786 -45.80462575579376
-70.02083793236046 11.72348393451259
29.19232529523599 -2.3659351549175067
-14.001278159512598 0.47545392823987875
5.686486653682566 -0.1023756234373049
-1.384683264396743 0.03367865803278031
0.43378612506626335 -0.006789966785129647
-0.09362367090894863 0.001966398621362914
0.016270056764647375 0.000483256279566317
-0.0016742203278743836 0.0005752987559838114
0.0001696372730936593 0.0004090043073782567
-3.339285370520266e-05 0.00027452044454796717
-9.677840592814685e-06 0.00013719344118671376
0.0 0.0
