31
0.0 0.0
-0.2278058259567582 -0.03893478546692469
-0.35089147420546885 0.10584612146496192
-1.8365244492693427 -2.756928558843152
7.637965541781806 14.749127138155977
-38.843353120827935 -58.71947759294987
116.50948136957922 150.12855110565513
-263.77938089891734 -271.01321831975184
430.4552839938991 301.9193948858529
-515.1537668294491 -92.6891803485963
407.7487320637615 -432.7016330048012
-121.30113114190306 1097.3302627089597
-224.11051152489532 -1587.7501370527464
479.3918335326377 1637.8902087289998
-568.6064706519281 -1291.493800074924
513.8812215352025 781.5716291290034
-385.1822070748746 -365.2771292690124
246.6317108758943 120.45552108838102
-135.5432281132151 -25.884065287428317
67.60934943889617 -5.097389776967582
-27.193998851223146 3.8878752199779933
12.028754832549708 -4.281734254201908
-2.1103861329254245 0.04581775700986742
2.285567620935632 -1.143374878883232
0.9985343671093758 -0.48237904346554084
1.1251420140352655 -0.3695855536326935
0.8929925497504276 -0.17923551508633126
0.6879499642312988 -0.058211307561029664
0.4583821179523749 0.01381906066438195
0.22532643747550304 0.032468766495140744
0.0 0.0
