36
0.0 0.0
-0.000554899634189707 0.13937768687505972
0.010789707338738425 -2.4789106626208
-0.09960130296871265 23.035547994695236
0.5795413850522343 -147.51652283655758
-2.38268226712901 711.4170581854106
7.346655479960335 -2669.0184556317995
-17.61515646334445 7924.6061532894755
33.68567071871363 -18885.84586284122
-51.96005486208868 36611.69171661659
64.74312126832406 -58437.988597234165
-66.21972481568625 77575.45786265146
51.08993589758707 -86240.33290930494
-32.21262870762031 80493.94349530227
5.179728999371323 -62877.74612449836
7.348221458905289 40676.21217530323
-19.515394616782174 -21350.588743879747
9.116852518482668 8762.302389683702
-20.435676708889133 -2603.7658801806947
9.9017659048551 438.93650065679645
-12.50492548015197 30.98578434798368
10.466163975706754 -46.397048899385624
-7.961537032921255 15.888402475827657
1.9997644236217282 -3.3923018138955627
-1.7131052080160714 0.5335712671753625
-0.04253086480324557 -0.07365570806499747
-0.26355095181972144 0.005112428811216086
0.03211747831325903 -0.0024562626184698147
-0.0025759210137408723 -0.002033210890121039
0.004723539883641577 -0.0016167516659303782
-0.0005107687947484955 -0.001369646316068967
6.582118520306307e-05 -0.0010907244357706617
1.247280704008406e-06 -0.0008185774955702395
-1.6931402368073336e-07 -0.0005456813502056874
9.398800571819066e-10 -0.0002728438758591495
0.0 0.0
