27
0.0 0.0
0.24188113511753073 0.00180753742451376
0.48011548056004 0.057182696104630774
0.7250256158394539 0.21814226138133266
0.841424442667579 0.2661437060122055
1.187831197541727 0.7905584583102289
0.9024032298503527 0.559704079362838
1.4363476444778225 1.507550030747666
0.8379613254997315 0.8782099826297793
1.2179783702056657 2.506657438011421
0.5439130041976572 0.7578960133324837
0.8730109693942882 3.3145241896194624
-0.0675617499873302 1.1602635407015878
0.30656988295604876 2.855906074358793
-0.5416928586142638 1.8911003517008134
-0.43495800362737314 2.1607817917379277
-0.8960003809204137 1.8773408896121573
-0.9635476582408721 1.6624274486010064
-1.1336094340604617 1.403885770657503
-1.1620806166498716 1.1184864876121006
-1.1452590781660206 0.840600771645398
-1.053348581749271 0.5799317618589411
-0.9050026542545312 0.35527329595980767
-0.7100398483257231 0.17842358398628996
-0.48364114053252405 0.058158849388323504
-0.24165837956136033 -0.0012884203331918003
0.0 0.0
