23
0.0 0.0
0.2772941204670223 -0.06836849425988094
0.5750580140632423 -0.053780413688294997
0.8671362005122332 0.05027031524841884
1.1256619700171924 0.24122244342611657
1.3226090893707052 0.508691303847631
1.4357880575053765 0.8294364842392653
1.448952794098211 1.1801675115306907
1.3548136846079022 1.5220908452588555
1.1615444579606702 1.8279947541169426
0.8811670729347978 2.0616003358368036
0.5433574489622284 2.2030094573372834
0.1778455238910297 2.235363175486816
-0.17834991522548457 2.1576625704268557
-0.49212973187502873 1.9784106691376884
-0.7344216768314623 1.7175238521389384
-0.8852979734947217 1.402458807767742
-0.9349023105240438 1.0648903049843321
-0.8843114756118859 0.7369508281652631
-0.7444528733520829 0.44758059336787986
-0.5341344202858574 0.21970485109344526
-0.27729520940367397 0.06836915794272876
0.0 0.0
