35
0.0 0.0
-0.001204247535905619 -0.13657736875559914
0.019626200067893097 2.224671872627912
-0.1516194149936529 -16.904096243482936
0.7433270119010261 81.39583889902086
-2.60931767702561 -284.29739099577597
7.014747290603557 786.7579697207074
-15.038332128589106 -1835.9181911428302
26.281261570090606 3748.5768678348586
-38.081454919285754 -6776.15134970386
45.93043318575464 10798.114144013203
-48.169727419399116 -15035.261404653718
40.061663238224455 18152.135612900493
-27.18960098189198 -18882.838655121974
13.544752856587177 16819.81606301044
-0.028195624250159642 -12737.257319637456
-13.276490908040685 8128.762783512065
19.4180974041232 -4321.45856392719
-38.153040456589935 1882.1434214371886
21.389623959208127 -654.1173473534308
-24.797437756577565 173.0327632934849
15.394429080682627 -31.168812509524365
-11.485405738995285 2.1909327666584457
4.3284447574739895 0.7251600190504539
-1.9760707983013661 -0.33809927003200124
0.5971711373673587 0.07299520726879187
-0.17778581225794104 -0.019706067703071362
0.08232661315588764 -0.0030490142986973135
-0.015594683210677272 -0.004461179672826696
0.0026240813826833315 -0.003535699117812783
-0.00032452384126306746 -0.002843089617745553
3.198630463798334e-05 -0.002131596826277933
-6.448600009996141e-06 -0.0014211616306545579
-1.742178743303781e-06 -0.0007105795002617641
0.0 0.0
