38
0.0 0.0
-1.0956485519164174e-06 0.0029459635972836416
1.4087033398029438e-05 0.0310898491323865
-6.367270245471202e-05 -1.4300266576772294
1.4383576513327016e-05 18.069752898009053
0.0015824793609825385 -134.72393017880609
-0.011140329158525808 699.0543505954543
0.037024116064915416 -2711.491972699371
-0.1376772109833375 8175.458853955553
0.23336305146678052 -19630.878939643055
-0.25783482328675755 38147.65681636658
0.2351928526213196 -60649.15597845685
-1.6891359144768596 79450.67145322093
1.6957679917134951 -86098.99604829279
-1.782483499627449 77250.01003332692
10.805918531951573 -57227.3960850747
-9.636416486246967 34721.80544572882
19.10879725393681 -16939.692778087636
-7.130619678458581 6354.393588793418
13.890328732539116 -1587.4104737702728
-2.1634583560579683 59.62814853729665
5.935567020822365 189.2974443391292
-1.3175304758737132 -121.36532776160232
0.11597972342634669 47.55634117739261
0.029658280984013376 -13.618548991223609
-0.21950834053492432 2.938776000526882
0.12148026945961413 -0.4611028486371723
-0.030521158679202316 0.04372927496020031
0.02318674415221922 0.001083368440213831
-0.013033016907086883 -0.0008394866310186941
0.0036092403214048846 0.0004256118482203109
-0.0006759735484958885 0.00016935758037560424
7.33395841963676e-05 0.00016091579210434547
-1.3858413198961227e-05 0.00012746308953472455
1.6592661284132798e-06 9.563706666316897e-05
-9.557242314985675e-08 6.375761884989396e-05
3.2472930421194023e-09 3.1878853391229836e-05
0.0 0.0
