34
0.0 0.0
0.05819159586296837 -0.003652110698987557
-0.7525039977124185 0.06199212714112361
3.3530372751898874 -0.5054482713719637
0.5439731215066977 2.625142248576403
-84.89572969978599 -9.745309568368405
526.9424420577623 27.421546245911788
-1952.2422253713887 -60.471213303618114
5199.157257602029 107.04573453833622
-10635.446796214641 -153.47838945445403
17253.947560131197 181.34363701466603
-22584.554161300923 -179.54641148764213
24078.10032219163 142.80722764328476
-21016.032727563637 -101.14635744114072
15067.675756163102 45.476411032450756
-8913.25230419242 -17.37306834974942
4393.942484512442 -0.5809564439181789
-1845.7447049947739 -2.6101654011795716
688.8088285096911 -15.78383490985598
-240.75110634146696 9.737182930163197
81.17671871243085 -7.093029736240761
-25.61242074724592 2.5388936549508725
7.085378294560462 -3.445215036297677
-1.56438523597905 1.0946533414339528
0.28386054093197927 -0.3022933230357037
-0.022429966419178278 0.10932133061257317
0.012236262826104252 -0.005103507183898686
0.008042729852966899 0.0034474070111639656
0.006853563436292055 -0.001516291585545325
0.005473191996135588 8.841430926437326e-05
0.004105454685176074 3.116560606014136e-05
0.0027367778838296576 1.066653669604854e-05
0.0013684692615694982 1.0530019213579157e-05
0.0 0.0
