32
0.0 0.0
-0.08178274288750012 0.07064652571472528
2.472102567176354 -2.354399586001992
-18.869619938518362 18.55436956248916
97.28370939779775 -98.68193124695345
-340.59685087463873 365.3915813938287
856.8884574824486 -1012.3225724735282
-1529.4258058667335 2155.569871432566
1805.9627036150412 -3597.589940831275
-913.7664796760897 4742.422121870736
-1319.3160620215801 -4941.281148416009
3922.673945361778 4019.020572881354
-5369.819195541562 -2458.2888216803567
4939.1961824402 1012.5078989025325
-3231.405247610832 -120.78335660525282
1483.2993978245506 -228.86147783092468
-411.0028731174001 260.20699468485236
4.618039619542947 -182.48020226593545
61.35292529387337 116.91905733676414
-26.353734162182512 -55.41369594009434
5.5150198436155335 30.66829799023551
1.7930064126318077 -12.256006895006367
-1.6120892897965668 5.462397608530073
0.48833480073902424 -0.8548978691103694
-0.4420722374156476 0.8177047936910017
-0.1879668537763335 0.3623967656502115
-0.223818780983384 0.3536671734571098
-0.18889393945152338 0.2636720922578846
-0.15310721028008323 0.19134780616577496
-0.10863191392418689 0.12182054531941969
-0.057405829365789356 0.05785249722801584
0.0 0.0
