30
0.0 0.0
-0.21767399284674746 -0.060957746822806115
-0.25292967311696646 -0.09259934997644728
-1.701475251606476 -1.0051013855146955
4.935001223788648 3.108546646223237
-21.430904304982327 -11.799585843321873
56.166831886742635 17.95284146947057
-121.35077700837853 -6.2078992815139165
193.16750180493264 -67.44585075640506
-232.3434288183159 204.3776169600424
188.05289036157967 -367.2256103844053
-66.12332244200701 452.26865855889224
-77.38829723718159 -421.8574128384667
169.2945707549361 291.5324039727395
-181.3090867586443 -156.74751646258997
140.68800390222543 56.33139798510374
-84.56214214806 -14.606306312706131
45.48337775415756 -3.689878830431296
-19.02590081149632 2.26255467596291
9.885610067104038 -3.7483643165323794
-1.8265476435705756 0.07295332971756002
2.4969975168358824 -1.238085799764891
1.0164487461032248 -0.4531120042556771
1.2934129557605722 -0.4019146891781406
1.04193570277343 -0.1848586275443578
0.8669459659089297 -0.056862342285219615
0.651032262806315 0.03219867131322254
0.42846454561947434 0.07000680927002308
0.20773499803987627 0.0583227790790761
0.0 0.0
