18
0.0 0.0
0.06730205220159059 -0.36341980517540307
0.27731871551151643 -0.7004101619503479
0.6189793195382286 -0.9511908717233646
1.0543836138747948 -1.0609504572534296
1.5212042062304858 -0.9928126122602785
1.9418756361969636 -0.7395477243125989
2.238859190353145 -0.33014401494210516
2.3528203548245537 0.17217641050271648
2.2584450406865635 0.6817880527466628
1.9721598677554177 1.1099866703888037
1.5482641047118475 1.3858897956591263
1.0647956072949527 1.471716422299537
0.6045332516015994 1.3681667601149639
0.23730846043760145 1.1097676153726754
0.008110522319299691 0.7532690647726561
-0.06730205095012798 0.3634198055708134
0.0 0.0
