26
0.0 0.0
0.06588361142829498 -0.24250577331217954
0.19560728012290535 -0.46810509007775486
0.38095597997933583 -0.6573341926124807
0.6302983901583743 -0.8008621253447098
0.875513791986749 -0.874151612767349
1.181331982307111 -0.8709213003896734
1.5547509376625015 -0.8296965678455093
1.4891110891075565 -0.6111221715639054
2.328032162779932 -0.5196492790578991
1.6903575306512113 -0.07736701797817377
2.503650495064516 2.766507575627893e-10
2.002492820064912 0.5491084200768734
2.17359869328603 0.6377497285330235
1.9276983746835537 1.0647652918926793
1.721038030689532 1.1838714592070905
1.4571786092170396 1.3851301744219489
1.156689291014387 1.4366333020993454
0.8593099821669608 1.4398446635529
0.5748000453755134 1.3552854700324666
0.32748642521032845 1.206626467533853
0.1312705456468274 1.0028954811727189
-0.002490593171234461 0.7620167175786785
-0.06829887741763478 0.5023207335565624
-0.06589707178414064 0.2425345600099214
0.0 0.0
