28
0.0 0.0
-0.18966174473163622 -0.1318954093080386
-0.3631202224044256 -0.3323614277095292
-0.388955553207765 -0.39613113186658155
-0.7630236140030413 -1.3424855373847222
-0.06876151668053172 0.6792359191246136
-0.9439651018044269 -5.205794110921897
-0.4141415112042726 5.607132306839522
1.067253409505344 -12.333710553171345
-2.3953973049919917 11.143169415931245
3.200677386061368 -15.187107496489562
-1.4825635590173074 8.826316881059977
1.412621496797005 -9.039322397606895
1.9441522109371088 1.603910206261492
0.05732865006138551 -2.952164592560873
2.7149553908364124 -1.2582985416595278
0.9535181199804076 -1.2559536218731864
2.143579162675808 -1.0046235567540345
1.5779508006591374 -0.7011444206707081
1.747715885189401 -0.44024072578099566
1.528993995960955 -0.2026438429478801
1.3750413737238607 -0.0049439762213257105
1.1490672777697577 0.13999152465382708
0.9080689314177927 0.22705431145288815
0.6573376699061875 0.25335373382659926
0.41376561037703774 0.2204025048208233
0.19078077983372027 0.13325335493214766
0.0 0.0
