40
0.0 0.0
0.3349508939630759 1.0863300768489183e-05
-7.225592109552265 -0.000189053447622069
74.02099479961956 0.001437417842632404
-479.20323527758615 -0.005938050369558367
2200.8870069228947 0.012062798213360605
-7631.297022598182 0.012624777280826767
20749.997127465536 -0.16116273540445317
-45338.161959985075 0.6006452062400239
80828.88787777074 -1.424561153446387
-118475.31169542881 2.315792523761298
142664.202033319 -3.517676413936183
-139283.4899480748 4.616372186693801
106017.45763054199 -0.2715249051613876
-55629.34429277634 -3.7405329264077523
8380.662926846435 8.638143807428566
20467.43323235382 -12.333211267765103
-28013.3644214862 13.42832082681434
21555.135654054837 -15.961586862760928
-11049.812680418188 5.5539431481223875
3041.686742675169 -16.546022382546866
753.7778629512607 -11.849502420175694
-1553.08842565775 9.627360040687536
1123.5808013492979 8.871374701887444
-560.1982332822333 -2.3626361127799695
214.36333834372812 -0.27204898633838154
-65.18116147082729 2.2837180364604706
15.973223025492246 -0.9857362301763991
-3.1771419880720466 0.43692198503552004
0.5134565067815193 -0.33392266538446214
-0.06625601459608635 0.10321355377546
0.006619823308486071 -0.036053438633304014
-0.000376064235174637 0.004140498466157573
7.757432757656537e-05 -0.0030916521469607746
4.891838611401022e-05 0.00017671167157055765
3.9488129700719456e-05 -2.5164073132302597e-05
2.961766162023137e-05 6.394001138055756e-06
1.9743486378810132e-05 1.4942582313827096e-06
9.871720175509676e-06 -1.5911009046315056e-08
0.0 0.0
