39
0.0 0.0
-3.037561327572727e-05 -0.544944044340748
0.0007887672272826076 11.025089494833693
-0.009376704998352027 -105.21927060020587
0.06886255421668358 630.5013380111112
-0.35186009463416107 -2664.723879385619
1.3308243450347188 8465.71680542554
-3.892072422046771 -21062.04873850064
9.002400522599464 42260.921852335574
-16.28432555574732 -69964.86290179151
24.28115167196635 97294.0344584175
-26.848590830370174 -115052.9429438982
19.991380358305108 116168.79725517254
-2.5209433404337145 -99285.7474176978
-10.017344477219998 69655.43597424125
28.634668943782966 -36861.023315709615
-33.30613304460904 10280.70151843426
16.413363619687622 5136.604597804969
-22.30621217964934 -10060.225369653635
-7.010813306180481 8631.427557983665
10.961098620868713 -5212.649055871879
-11.851256958079803 2383.854521049654
16.846676787089816 -821.5259823285027
-9.891538413305778 198.08002784005856
5.021908883925488 -23.758803554455618
-2.7994998095987826 -3.9904809710164186
1.7607317605002106 2.7005239109817873
-0.6016915877063407 -0.5957287307808143
0.5041292695859506 0.03447967849286092
-0.10980135666052743 0.015024982525381652
0.029694723478524195 -0.005577678080772616
0.006083067533327847 0.00027651369818038334
-0.0042752326402783775 -0.000480807420525845
0.0006842883128223023 -0.00033720740639308993
3.648062922094375e-06 -0.00027354269364743717
2.7194428180617676e-06 -0.00020495962616678552
-1.8443143559991824e-07 -0.00013664927915466637
-1.6592879506200342e-08 -6.832413275582076e-05
0.0 0.0
