33
0.0 0.0
0.007424700926163586 -0.009316300986208113
0.2681180712612271 0.16961266935264888
-4.587756397988695 -1.4694867705585564
31.223852162138243 7.948405435394168
-123.2131671866753 -29.78808691853211
302.539598765048 81.08525752811843
-394.1983457884924 -163.682258606326
-201.3117192668008 244.32774683661287
2407.298509199673 -260.98094000044483
-6693.838468743845 175.82671901671733
12086.10709367302 -24.87780540670791
-16228.268241282545 -110.1655897605777
16991.31476743327 133.2592284490716
-14182.444980788205 -71.86884579267088
9542.91296104839 -15.200018648341809
-5197.944051129709 69.71269870996957
2289.3517018050215 -68.55397987673823
-809.4638377857342 69.51545024513506
226.6374872868846 -35.854239604719375
-48.81870928960675 13.92318465536923
7.488319124279529 -8.9383586437423
-0.7678456031457821 2.7220763229552474
0.06355530351219511 -0.7393709770926002
-0.01700178759625895 0.09788169876776644
0.005603437362326411 -0.10069174123203992
-0.00025797561558611054 0.006061834865952641
0.002623307258890799 0.00281116960758941
0.0016540123633282397 -0.0002546075003821604
0.001290652496914125 -0.00019494618236773925
0.0008609320214837876 -6.009858429414709e-05
0.00043212642317352667 1.6042572198483083e-06
0.0 0.0
