22
0.0 0.0
0.2961888753346489 -0.04233428980434005
0.6056819003599647 0.008383397791485968
0.8976740214045751 0.15653854522030083
1.1400052508146092 0.39585305985216396
1.3023673451620528 0.7084502662127495
1.3624642867619017 1.066918041530061
1.3058856251511666 1.4345989908979198
1.1347730625763937 1.7736588027471636
0.861302176795405 2.044934937588848
0.5138947933454231 2.2183541585689674
0.12815765558873263 2.2734767958066464
-0.25405831478105473 2.2044469824348867
-0.5922996584612922 2.0203116539850283
-0.8519228222502438 1.7432544846174685
-1.0088410206097773 1.4056493696786379
-1.0518822418365055 1.0450563288514947
-0.9834088932838827 0.6993067512848448
-0.8178972354363597 0.40175621946653345
-0.5790786924769974 0.17771900149909922
-0.29618918793273546 0.04233421082308635
0.0 0.0
