29
0.0 0.0
-0.20851221244378448 0.06159612776445156
-0.5010958340497289 0.2082892854694412
-0.37054794149804077 -0.7571584518764027
-1.818617940801672 3.437729995636314
0.5114729610349529 -10.486769128172307
-2.482733761126688 22.22782060225245
-3.385053437889705 -37.794612504968136
7.176735942743301 44.62448689336133
-18.47606460336535 -38.70176635513889
21.67260875611796 10.825369284484838
-24.556176055766024 17.804143318500742
16.062021460563905 -42.249301325832555
-9.442451985967542 40.63686780254663
0.7809258439332477 -33.24472649430053
1.617720917390498 14.878573857520776
-2.7928432843241877 -9.374362065684068
2.0621097951085328 0.46600220782634444
-0.7369707952374738 -2.7407706263814258
1.0330015806469084 -1.4947707742838277
0.508630307553076 -1.6208027724824818
0.8403889662894207 -1.2703529250013337
0.801818238331326 -1.0466594377094114
0.7932776028161213 -0.7896354748257389
0.7086238220115896 -0.5580270756446832
0.5794597231047733 -0.35399610605268605
0.41048486178440496 -0.1889741657659709
0.21335365896327715 -0.06966059954650966
0.0 0.0
