24
0.0 0.0
-0.02303988602470623 0.2722129478887189
-0.12377851861229461 0.5377883872535915
-0.3005071064438022 0.7739186969699327
-0.5432360403828203 0.9559450952013255
-0.8361699767289513 1.0703840513751892
-1.1598879793379275 1.0896912119867417
-1.4736498745840025 1.0280610428444075
-1.7826714779267168 0.8634189474286702
-2.0051949584391484 0.6236549589999631
-2.1857153863590053 0.32458646457884327
-2.2439100103791243 -0.018999046642389272
-2.221882234742703 -0.3597961405388011
-2.0920627927279587 -0.6847964606076127
-1.881176256995245 -0.9535089640178985
-1.6034415711300496 -1.1511239290066562
-1.2861045309079426 -1.2586760352523108
-0.9573033263230201 -1.2720634748893382
-0.6451862451972072 -1.1935444785608114
-0.37487841843162084 -1.034651898690246
-0.16608798637660246 -0.8131033726441399
-0.031670381482112944 -0.5509970579677762
0.023036160075057946 -0.27220895932429234
0.0 0.0
