50
19.927841038153282 15.439465142245796
15.550969300016131 40.81737350291842
17.10347672292331 8.870995302454766
36.70895786605487 13.0729407572104
29.91862163374052 25.55469246134743
3.6591981539179255 13.143685518151111
29.159740279271297 48.71364600644058
15.90398888998093 10.983030433044744
35.45192914412605 7.683803651262483
27.080709941351355 30.022124258928656
7.941020047614083 26.750767322051267
49.944451787552126 0.9711566474368716
19.80342284290964 42.084089969133565
18.739969858303223 25.559035432925782
42.843194694840605 47.91246523808404
45.94100426849904 38.16724191685651
29.541268487397975 15.852632013420282
48.696026534890066 6.1116807267380615
14.595397715610492 30.311702651048574
18.258972296077737 38.39067687764169
26.973562435612024 22.865570340917706
18.982875516774143 29.860573255319768
4.40043144662024 3.8552090180719256
7.72547860210428 17.031288276099037
11.44021923468027 7.748878916844165
40.87183474709975 11.641670856502484
36.04585027274127 28.734603036365847
27.098737253990468 42.44213127354688
5.871855989295415 33.731994099369736
42.33619830498169 35.089970521267894
47.03285693022431 5.898371919053963
39.19426307140721 40.03015766494505
45.594474112604495 12.52227117346193
26.83150623325423 2.6603143753864575
23.618475770294207 13.666347507819577
16.96541876477865 38.76420644225598
19.74785571369339 19.978486327578292
0.8639114502862977 44.70146768028624
31.89523906442388 17.602521868353875
43.99760875702599 31.020485124148863
5.767600117153976 24.529031451960275
16.28988210874273 38.14737550781279
31.63306836173046 17.04209579160082
5.307590849641142 4.241725410209169
45.29947255049456 43.94514382723099
14.01905455232238 24.839229673047036
8.873089626220048 46.42469805311265
0.25067433561233865 29.74899805764603
7.851421414647897 41.44807624470839
45.54302526536523 33.17402526667485
