50
7.3469396533563325 19.779446073873945
4.327534434858283 46.501413474178825
12.26688432605223 12.389491083060895
42.41260216894819 48.20695172721592
4.09265756471941 45.54999486643476
34.591914984128586 32.77586052021941
49.22444089798487 12.85761858433861
44.47555280701613 42.31879852205283
44.24402332250313 19.790738394484485
3.9523906566709344 1.815027937894037
26.413582555313663 15.35064021924843
18.972359809825424 0.7017251437468064
13.532125905809528 35.464308694920064
20.918173369109876 18.193155939555673
20.66992984953658 11.29361404987394
19.034868637904236 46.62865366222136
36.383332035102455 20.73317958414543
44.79895434516011 6.400103847948513
32.421634926577354 37.02209594372657
27.19171801690299 20.920274727563694
23.642566678567295 4.199855740520153
42.02736308375472 43.26132561354872
24.987997478019764 18.5532666055998
21.101170124169542 33.787534742106445
36.08354076992141 39.83913413104352
32.310293189557754 21.014092426709112
13.986801153055916 4.843816639451304
6.042679764689529 37.27011448021404
34.159140129836445 42.08610053020253
32.331307220136644 46.280020450202706
13.955422960337554 25.724680580338454
29.691798235371046 25.098906363512924
46.69204323699239 9.43538124630231
23.726398286307376 32.05145843864663
48.374515538745996 47.7951799198688
28.904884708814283 49.59498094147809
47.847458538596165 32.00569738101738
7.218565375483105 31.679880496863667
16.86755074377984 48.7355675224413
11.776543821823843 39.07433610447307
22.305274197814366 28.489185166186466
14.04563480872405 30.07295438569116
47.07690868548953 9.573091676946044
28.578802145795734 16.739107039606814
28.095247671418377 29.88980462510885
21.122189562720195 19.600321151651883
14.648139929756265 46.317548443315765
13.230965585400172 45.70657630044248
37.743345480958 34.373434291541486
2.2036259873341955 7.594388070447994
