50
31.606694499806693 2.886007630261911
22.613655481412454 3.2501121853797663
32.28689323502749 35.508242984823326
2.349365767379774 6.3100119932666345
12.090624460512645 43.58313601354604
23.001091993668616 44.22829128702116
43.4612170345461 29.258833737350376
29.852271907645967 26.400546944937158
44.52238699902423 39.51525682517645
12.107937817460318 40.90469261635576
49.67137822201221 39.3948068492344
3.103401232252412 18.12905709586008
45.755585439953876 47.0451977680503
4.821938988840902 48.5088884486136
12.685615739123019 9.624676661913345
28.26381573229269 11.754144219290035
2.513866644788637 27.555547626938086
41.17858573348675 46.09921473222885
25.067716843034393 2.8213338373368755
38.15758588805187 37.44688734920278
7.28721385499021 7.628622502147703
44.73709345537611 46.19153686353975
35.054397415889284 17.93692450676374
26.562454835660372 17.62547618333991
44.91278952991487 22.91454169983509
43.395170990356306 16.047309794871662
13.87377349365097 15.726230940082054
12.527207430957032 30.862221806665097
25.847624047612545 25.749025783445916
36.53508987569015 27.25305901726062
11.44602428617159 4.558003999159011
44.25131921309874 12.737083081106165
5.132755268676814 32.42347202150086
44.82889648317587 25.38383753123209
3.4260176759186134 43.708944944645914
38.04939603222533 49.73561368334074
19.183396452801933 39.77948890017704
29.80944088627966 17.201166581190698
0.6197720966023557 2.6798913238530564
5.022984682581477 43.94848584563369
40.92240663419852 14.382847848266195
47.648245314451174 32.43757473573729
38.07571407911927 8.953728536149896
16.741151375448617 6.778184874989179
38.3329908629808 32.402104178425276
46.43136642690536 43.17970197023063
16.193855437429523 48.128784443375324
43.19141772805991 48.16542225358911
0.4421691204730904 49.86544853956975
35.18540038193302 16.210269648161624
