50
29.109220563216294 8.108961103138162
16.095087485525326 42.32706618029003
0.8847767695000952 34.682760891726325
21.71457065852753 15.670859190535602
23.442356738844573 1.1640590297544995
43.68743121698323 49.94362672892086
42.46326703013707 20.81832170489778
3.8427807740873563 39.92838391802649
23.89214837055416 13.33688323976684
24.06335660833449 25.753694709941893
9.015714638729861 27.70687586731401
37.225744386531424 17.182741763074382
20.728129214544076 24.040175461750273
47.51736281326201 48.6868308970631
44.84363881356117 10.951198562888242
34.74738198790795 12.966228431825549
30.883887293906202 24.482668730294055
41.22007512781208 49.60985087633567
41.643352977788425 33.294227954691365
8.544868760417906 40.126536235329866
20.093396646591405 1.7694669545432085
6.7850075962785255 3.114228087717741
44.22367058007696 18.96383371974703
26.310227126850062 15.917596888028212
12.20275186597961 41.17552912668421
33.03389994983421 43.91156231434358
40.2614855511222 12.461557122318084
18.86283543753109 5.380933739941796
37.85944777650757 14.625647254530483
8.647188874577367 23.17799990862026
12.327660326315065 31.60238948877051
44.58275441434796 22.818444026422046
41.25354213599813 12.671354028696397
43.92134918078126 49.119216245056094
18.608758203712533 27.938329501339844
23.38649434352548 2.393433557640867
37.093992845125385 35.981535532063056
45.819612559692686 26.837830275306167
14.020587289647002 33.41493529396998
7.520668059795044 18.958146336989056
2.462709898829768 7.822487957216917
38.8044576215883 19.86933035395132
5.322538173843933 8.600394366301783
49.15588587781069 20.359895580075904
21.76494193189481 16.658934375494177
6.337309021234078 37.73126862774781
10.126673960350063 45.85248310117787
0.5648927637985912 37.41931360590091
37.79660962872916 24.30610249414087
24.458539862811673 7.815862102636217
