50
40.81306858317449 29.097801995648588
20.610158204230228 28.10025803675324
14.726648456949675 7.677688784176823
15.918334092491177 35.74815205756533
3.3540395331646042 24.357500182391583
44.85889994357863 17.935968299446504
33.92538138336485 38.82085224513116
32.49975008525888 46.042033210636255
12.746134115637409 15.191142302079196
4.315453495173838 14.547006444754457
47.90412217521725 40.950447250520504
10.639896813416 9.316938799990531
45.52220306993862 12.651217745515698
27.7151215951904 49.342684457629495
47.28479076300023 4.620177769949885
43.19169189511955 26.931672944109135
31.058020381597313 33.42439295426365
27.54086689087008 9.594386959939854
41.808224340969794 14.13324090404084
16.210896240715876 31.86650683193985
10.965698032694327 45.279254943730734
8.62259923160717 31.514060954449302
13.631082504700254 19.763679661158413
48.70185723662166 17.93869299869933
46.185262060473654 14.616798328694092
7.007539101566618 7.728806636074492
47.61616662318708 10.00127078442074
40.417828906290154 0.7799685985757476
34.01611118584793 11.020943642821518
34.52703211379046 39.953155829174406
49.92831693053857 38.50281316215522
36.37352993219083 15.802851266006684
20.16916373449958 42.691561613191126
47.15794451411418 0.10933997809930429
3.272226667970396 36.511166068299836
12.806309937026494 14.80658174746019
21.991124019472874 34.292312085210966
37.85710762955438 19.696448372813
35.298033097943396 26.75386168665864
31.08677603021006 31.614089997651533
45.578188727994075 33.83392802076274
42.51477024898997 21.815774440624196
30.133576316614114 5.56642886156935
49.122815584794964 20.819145558154155
27.5963992757146 10.036716917132328
16.111318789647616 31.926077897396237
31.37196255843388 7.058677762423149
7.845328991004474 37.34867790036427
47.998672988716635 31.873919887910564
44.45692293484265 11.291301089101434
