50
18.391590808785995 13.520636370047596
19.453625320084907 19.150434768476345
7.6427462972670055 26.491734014627454
35.53669056322898 24.73420099367486
40.3627352400255 15.240083524936232
27.52422557109298 11.62772234998934
0.955645157013707 17.941773658368493
10.522752082458325 11.024571537844396
26.348280649061778 36.53444086583852
39.94349148023926 21.369568391069432
30.808427632175967 49.13553894796994
37.165367790300785 47.85786738299717
15.898601041423428 30.973968045157534
34.849051095592145 1.9809346432569486
16.01661815675563 8.599682531867781
47.073740855608364 2.4933204909436455
44.29115486708521 19.660009659489454
23.544672179411698 44.41316342937151
25.96826152603314 32.38302928809247
36.88457615705079 31.797735418815957
25.532959782288806 15.625993669471239
36.08956315814878 26.490713774978953
0.6633148353510532 13.752041802107184
37.06864238701496 28.114801418889545
27.644593176958175 27.17626021431552
41.717323037136275 32.41259530095113
42.16400151870058 10.779308546665806
46.546152333435494 30.796259857465667
34.6562605040073 3.596244241691382
13.677799317064753 36.177002808699555
24.87809380462635 25.02983759066132
38.5275586336111 29.65715429521005
12.991920608976654 7.262475335012924
20.425238685709875 11.293942185606582
43.58015429155749 45.9707400972941
21.090269507690017 3.719046073540433
22.96053644965893 6.544234304318275
43.090145503761775 16.954405435867383
17.58333177038346 13.578925490635946
4.593556691970274 43.904213251156456
5.669209266069053 43.91468761506723
31.600328541631946 3.4810843896321666
13.910844170126923 10.56402945509668
30.83023300667219 42.328329867519074
12.93122641252798 15.585827551083414
20.1938406557472 39.650398612505604
43.254677080973515 3.31802625410641
16.671859873626822 36.150952025890525
2.9363262920865885 10.878598860465328
32.520396874196614 5.008129586851667
