50
38.38173560780233 36.0908362836079
40.70298227162083 47.798270139956095
9.918478272566379 37.179298217205464
38.50174037670236 44.368595947423444
39.73250247006085 1.162088320209087
26.7602386701438 3.7509567013002454
1.5001387021853163 26.501236707119595
32.9795089539231 29.932597330070145
23.836331565143276 35.12964863680934
7.858904877119538 0.9455205290844482
6.420216920600619 44.6814785630964
30.224170089702035 7.5467203304250665
12.684698472965634 18.481592806347656
25.53192752286666 40.035388512516796
32.020821280943984 8.524239859910498
46.310662489565395 32.65329241210607
21.532608238697907 6.240678141911172
2.9434103259345754 36.796217239279414
12.65972917002095 37.49084258471995
5.365134540953798 14.174421998922288
26.306113445672757 34.445685696048564
26.593708002014722 32.19540573669485
33.36412602275956 10.951614872353838
0.4508525141704578 2.679273975637736
11.252099939339894 47.81166611311495
46.93481804579072 45.20655809352475
31.227550016732806 6.178539037792962
26.856495808407104 49.59562808326995
32.69812943762858 20.391041127876107
1.2139412628558999 24.22830678475653
11.36848084631365 44.183161159006495
47.1371890400678 48.39444761118684
9.477843114971806 31.69303464016809
28.00538744969248 38.51607216181749
9.34617884932552 32.30388215807717
26.334529001682444 0.15384719495796229
1.7880605815182637 30.306754603303144
26.126949346250584 29.37806431886868
41.360274033757655 42.387159666395775
35.4842352396948 30.134127794014827
16.558554984909335 47.577126484953446
35.40180623154932 22.979835623084767
32.53063761290009 26.205328586208708
13.379824994520028 16.38148441452033
8.953081841495504 44.19447251523341
28.624596841761786 18.63980895078457
36.94980190344412 16.898223429185816
1.137262147560647 35.863972006436356
27.68321453638262 1.2134821792339934
44.52579906191528 9.462021117601832
