50
45.556519387418774 9.652344969476822
6.9060544576249665 25.07588443068391
36.7197798745197 49.07153475649976
45.09786090144596 0.5370963704840803
6.674253068151565 35.147698974095896
33.15221918998759 22.627261445798215
11.43631374313459 16.358720512777943
9.72949241814981 5.303554340233712
29.685222346374996 9.530914013672358
32.293404906016896 49.87585716194362
8.731487744840688 7.03877385413767
17.22411860260164 12.74666404550211
30.946282034756173 8.86357741157192
36.22668510074132 0.016274835749974237
39.44852385275065 25.79241214489183
46.13176880702839 25.95301642059969
44.96816479187085 26.30828768374927
44.2082490986298 4.875996951721994
3.7277328113925865 46.03929117198346
27.8923501326719 7.126003587623753
43.07727025063604 43.78489376330113
31.734213475449558 10.566515581745284
16.42099149380986 34.90198827602759
33.085721442202306 49.17395546379063
47.23321177933822 24.683754099740867
13.388219357267655 42.45220372553617
12.75239987159899 4.178109624584847
43.657825865055536 39.199691349469795
33.29530970307574 14.293117247808846
23.609370028156935 22.576195396614253
30.420357253654075 0.9308279773034223
42.14679104296092 18.282296367466515
3.7131412584224477 18.90426023373396
11.423832636137782 4.339796525787687
16.672165909851117 46.90732564631905
12.490057734650517 38.049568068385064
4.952725289696419 1.7921513666506461
16.105259053629517 47.81384598113022
46.67726399105154 32.52903523428663
47.87600616625339 37.25547971310861
13.618139233497168 11.537272878119486
2.3338759230779216 24.339358059286504
13.812849195672449 20.78405778191934
33.10835892787982 32.46785284151222
27.754073911473892 10.377257979607164
5.449801789908798 36.997145179404086
28.601940098368534 31.13512281243401
23.367476775643404 49.0979506515435
48.188127698862324 20.215723625612597
5.127688531295815 26.572601474186307
