50
19.388697136374315 19.606839920014213
15.840190922482128 7.41654550566907
29.157153090247046 39.10491504362742
40.185256397909775 49.98432717553431
21.12550261875673 42.67533892299163
12.936077026436033 4.769512155799488
11.806147725106436 3.5392120023343687
8.33294548825217 42.44452658516388
10.200261275697681 48.41076373061051
39.199246211480805 14.874248794303002
41.6452862711726 43.33256724319454
12.135140011621376 47.003571793523065
32.982341910552485 44.738736948397836
28.42808262616334 48.534676984069144
44.68443931369594 32.14308468723769
46.17876910019856 47.26801464169314
9.751572767666906 3.656100932750533
6.339264867348293 19.336871936837436
0.8405693558370342 10.67953135024468
3.2983123882918965 45.038730886625906
3.472857849236022 26.14291779165786
47.61227361783406 25.851972285993902
38.44204963225164 48.32904351365705
45.55393363506198 48.19050174659193
44.08436910678564 26.432653305005033
47.40751797024665 48.45531039949495
36.23665367204264 43.025531962907586
13.260547718942878 33.04434699461436
13.208873867447114 36.255313625342126
0.0831950436011697 37.261372084685895
11.914683688608008 37.45434169872778
14.518043190264407 46.39511080515671
7.098591832956325 10.088201305492234
37.66921978821246 33.50832382875514
35.56551164281673 35.933385710624364
29.8910696645264 6.804096065530995
7.834449769829161 28.79278930278277
40.84840256081478 28.69708456755501
15.547305501225233 10.799099145835283
11.258263954013659 16.830552330073196
44.03879993348383 33.303629137915394
35.638571323150494 15.568431760060125
28.3929361660042 43.48282032432706
42.11106440223438 44.0822225519481
16.257158570319923 12.40398010345346
13.868752916324627 28.048803241080734
45.55529296412176 0.08708293089828012
49.956241601687786 19.72462114360085
31.801238555008826 14.384733956427848
41.30480734328328 20.660013652820457
