50
6.810736298124054 12.133778900157177
14.745705635854417 39.649057639614455
47.89547653717357 9.84508503300594
0.8889557017462413 23.737241476268245
6.67528519649403 25.37137877105805
13.646924977558712 13.59688401135844
8.390725148827178 16.906584155463594
25.445598387893178 7.147444882534742
25.384729512122007 5.927800199882638
22.409829968001578 18.17457840266417
31.42012043957908 49.80435209121593
33.54462830522246 33.35938369263015
45.28867846662276 33.40836050913026
29.80853404950149 29.84760218139092
43.332974982030294 38.644956878584324
48.60229256645226 34.17908160842209
30.694808380434953 0.4824821314868555
6.293399573447866 0.42667606413788195
32.22789560765161 39.68394651492424
41.702408398357704 38.626186374727936
8.116960636668995 25.618701101859752
30.738472072926488 41.87719323804283
9.154185697762923 5.320807491552893
26.419253730650844 29.832287736448105
20.466382654682526 14.295716812045118
13.885940790477369 37.83541098320669
27.197324182133638 27.497674084810686
40.4407126278265 4.449172982669136
18.461237506508972 46.60005824999524
21.55402537427577 23.657478190635572
9.664463036978027 49.29272959184048
44.250916510753385 23.52434936421302
43.553871736351205 42.03625746762268
47.13685379857016 30.429492094688765
38.625429075216154 15.050991183070877
33.38124101265874 13.680717140752686
14.909228027901905 21.476811518969292
0.20912805128117107 3.247872649645145
13.198559587421038 1.544448697337375
28.994720459320856 19.679816282328304
0.03583745980884623 26.041473000126516
8.341553796365481 35.84237696097591
47.29260617316193 16.80860687000906
29.82402966997669 1.5106272701927048
45.068464969917066 43.96881473639592
14.25273296710239 20.410951198494732
18.21787259537159 2.298811446653215
11.826340501615478 34.082895190170795
48.16000456378366 1.0304354142101235
30.419839199923004 19.98874804681105
