3 2.9399218011
4 3.1273990911
5 3.1375660269
6 3.1413761194
7 3.1415667959
8 3.1415919585
9 3.1415926141
10 3.1415926529
11 3.1415926535
12 3.1415926536
13 3.1415926536
14 3.1415926536
15 3.1415926536
16 3.1415926536
17 3.1415926535
18 3.1415926536
19 3.141592655
20 3.1415926511
21 3.1415926545
22 3.1415926725
23 3.1415926299
24 3.1415938101
25 3.1415945241
26 3.1416039073
27 3.1416295616
28 3.1433641644
29 3.1385878468
30 3.2299201623
31 2.6110841362
32 152.8579651495
33 735.1635039859
34 1.9264210969
35 5580.4295802348
36 10315.7872940682
37 19813.0260839573
38 13151.6953531561
39 2860.0797693137
40 23667.9204307436
