3 2.9399218011
4 3.1273990911
5 3.1375660269
6 3.1413761194
7 3.1415667959
8 3.1415919585
9 3.1415926141
10 3.1415926529
11 3.1415926535
12 3.1415926536
13 3.1415926536
14 3.1415926536
15 3.1415926536
16 3.1415926536
17 3.1415926535
18 3.1415926542
19 3.1415926539
20 3.1415926523
21 3.1415926564
22 3.1415927003
23 3.1415927998
24 3.1415928719
25 3.1415913351
26 3.1415873451
27 3.1415978281
28 3.141622533
29 3.1451270482
30 3.0702585747
31 8.5995390227
32 69.072716453
33 785.0344371516
34 1378.5977805736
35 3397.4810287199
36 3446.8155906652
37 29600.9927482823
38 6638.1515262753
39 45143.4311483455
40 68074.2963998187
