18
0.0 0.0
-0.36736231206384173 -0.04060113864193677
-0.7187805998566416 -0.22546511570465627
-0.9938261526729559 -0.5479133398624849
-1.1350677583805642 -0.974146760655472
-1.101179052030267 -1.4446950493559243
-0.8792888711259816 -1.8827274919511883
-0.4926500830359588 -2.2087964411926286
1.4505606131035584e-05 -2.3591116949669804
0.5151544881688138 -2.3021783253546273
0.9631037710745095 -2.0479052731948806
1.2692060396977558 -1.6452745306738255
1.390086136315606 -1.1693585669157864
1.3204013583021879 -0.7027666650102413
1.0894903485929024 -0.3176637311014605
0.7506686548497599 -0.0630605664966535
0.36736231257191926 0.04060113828961021
0.0 0.0
