37
0.0 0.0
7.80160810828916e-05 -0.10180654428199651
-0.0014790709634749676 2.022802425953128
0.012082035128400986 -17.87541531209425
-0.05324634571685859 91.8701402551312
0.1119575905366373 -294.0081468499334
0.09563760607604183 535.3079355562462
-1.5702058390897267 -89.81245958128864
6.215432395286849 -2772.9937496590146
-15.066133136941913 10030.926643879196
26.50259525056401 -21708.136147537676
-35.03409152329764 34127.1830241736
27.45930045877272 -41349.826007114454
-14.288541811129937 39515.54009744222
-10.62249923853467 -29966.05387750531
39.14778760903849 17899.38647813551
-69.17124364523204 -8198.306547583572
61.5441000401681 2666.548875314233
-73.27725848111093 -441.1277481981004
56.22346776023434 -107.47248139125043
-40.3609312798539 112.77912970767258
26.640293768933955 -44.882753207242104
-12.928169772228648 9.57295236881494
6.804320093640002 -0.011448825108023841
-1.4759373789125494 -0.8221716243743122
0.22712816399782915 0.335491737398716
0.10105972641163055 -0.08283747308060965
-0.09744363074421725 0.013931291829677131
0.052197661617937575 -0.0026799360389411302
-0.020008741527614397 -0.0002847674148674566
0.004739247047047217 -0.00047393943338304423
-0.0006477373147593181 -0.0003781341757140069
0.00014114680565629372 -0.000303288779698668
-1.3581137436094697e-05 -0.00022744094675716727
1.1006695207316218e-06 -0.00015162966785967386
6.963839441538836e-08 -7.581513635304876e-05
0.0 0.0
