34
0.0 0.0
0.005923240207478159 0.08993291874125137
-0.0945269283608154 -1.5526405439648752
0.7275623923096112 13.026503652926207
-3.5577530061983538 -69.13483564387877
12.439137648807648 257.96685019209383
-32.91262327527974 -705.3016423347184
67.53712359699702 1419.3475634594906
-108.6267073894962 -2012.476334145617
135.3247282632011 1636.7509118728385
-124.8770329998903 450.6816031127668
75.26002577084678 -3949.637773914207
-17.05305013227887 7285.934650964555
-15.054617854482183 -8698.520073933065
17.315652624374152 7669.149195078891
44.74245275909101 -5181.579866986854
-84.13455267124881 2691.2075305570365
13.60129491979131 -1042.1526973002747
3.3962244761113425 269.0895314103309
2.6311527298614403 -21.206323359352034
4.047130404238835 -19.85367161071993
-1.0178142335556157 12.467569109685298
0.5386473930703346 -4.289912541027752
-5.102538853026739 1.0195058723622992
-0.35958891711830576 -0.15865144546558174
0.01062413464918559 0.012319734633345491
0.009636121461225338 -0.008245192448293847
-0.004879488842641145 -0.005974483348739055
0.0009838197571518756 -0.004991283133889009
-0.00029802335014071397 -0.003990997486197484
-0.00016098164075198444 -0.0029922558176475695
-0.00011241121298115816 -0.0019948939276078445
-5.577430347249207e-05 -0.0009975325452613985
0.0 0.0
