26
0.0 0.0
0.2509957903231034 0.012378937262788376
0.4990499702535633 0.0915249570760383
0.7238846678025354 0.22842477265865496
0.9173455152182814 0.4531277398985525
1.0377151166909075 0.6448876230704995
1.1186342150832969 1.0292802129165541
1.1048175913913145 1.1936165665290785
0.9875508035344438 1.598352142479255
0.9011184095465725 1.7816362309076594
0.5622179076083932 2.02980856745257
0.410873395188633 2.136132995963536
-9.577922034570894e-07 2.2574455345682343
-0.23799983585081072 2.1787412056228264
-0.5754243124091305 2.1349432122820637
-0.817417126074661 1.932069856766166
-1.026598977623347 1.7177959686075963
-1.1618371832155745 1.4390964459847508
-1.2203546542097359 1.1468487490342434
-1.2014463104061854 0.8518482768047129
-1.1084059959041475 0.5781309279688409
-0.9515709812597498 0.3429260357069711
-0.7448815268189513 0.16068861367626483
-0.5052968349975272 0.040815160054124326
-0.25101861287271726 -0.012450633035200146
0.0 0.0
