24
0.0 0.0
0.2723421830562863 0.021427464020744733
0.5385498432593631 0.12056751093159752
0.7754366301329282 0.29607365302725186
0.9601430295664165 0.5367511289136309
1.0727342033645126 0.8326884597769034
1.1010723353278178 1.1460296627703792
1.031619042390381 1.4815553729867714
0.8770444350524128 1.757296562577538
0.636520049317049 2.023949413847696
0.33302405780210753 2.164278543298671
-1.4611715918795288e-07 2.2571951296984327
-0.35143790931776536 2.21695933084526
-0.6692056429325185 2.0989637193131565
-0.9440873770187567 1.8859234186678553
-1.1407846529760823 1.6104004922185078
-1.2513519607791905 1.293543122989012
-1.2662621607474913 0.9648136467068564
-1.1897261195294466 0.6522547571677457
-1.0324063323156034 0.38100358413028085
-0.8121053420698762 0.17090492319901032
-0.5507995860860039 0.034935847366592256
-0.2723407269799617 -0.02142223674615006
0.0 0.0
