29
0.0 0.0
0.1264512263823623 0.18291784054546648
0.22061615046158947 0.4184373461606618
0.27323263899488753 0.4711757826795605
-0.20176811866094685 1.6580987468297892
2.3786163579297463 -1.7094249290450143
-6.847762790341819 9.209202602396608
14.175531302064355 -16.337678997469922
-21.349629024404496 34.73870496511462
20.630490749274365 -49.21991869427131
-14.106661589024453 67.43024251769832
0.016748504740800297 -69.55241626262448
7.036056948368415 66.65733660119946
-14.241344437827514 -48.111827560832126
10.531089485899868 32.39846174767045
-11.757271233677756 -14.822223937019062
4.6720137412986995 7.119513470629236
-5.951584894670314 -1.4619110857044293
0.06330807234871128 0.6223964094258082
-2.7199183280581134 -0.04584877081070113
-1.3368577307511225 -0.23950858212000112
-1.5664963078783696 -0.3687031497961931
-1.202996928698761 -0.4857070935063745
-0.9884215022873406 -0.5286339417597944
-0.7360194202601411 -0.5184832972136432
-0.5048528148836267 -0.4527049085145558
-0.2984667514605495 -0.3384573279372611
-0.12782788129595873 -0.18410339816206409
0.0 0.0
