41
0.0 0.0
-0.001735562657015672 0.3206904460146395
0.03762464572267217 -7.010063966429626
-0.3840036115693661 72.3477285479397
2.4478082208251766 -468.37319864066023
-10.896383204565744 2131.4079662466297
35.833688138635466 -7240.865538736331
-89.64566191444067 19036.796602443388
172.19295719437437 -39622.218228829166
-250.49355645346097 66216.17603088082
257.99586705188443 -89479.08432182482
-133.16904102795243 97526.52514490078
-123.11413157501005 -83611.8457772076
429.70273407283236 50491.24219131176
-672.6398695138079 -7844.035213564138
776.8788231454496 -33350.40436629779
-747.9198447673596 64372.81049565787
629.7223166219251 -80056.87666086388
-471.68429913834507 79678.42228678634
333.1462593086138 -67037.94542801933
-213.08659114492374 48599.52429247795
125.54017114655285 -30544.21862913861
-53.95551850536267 16639.436456166073
33.79472445730932 -7831.880601627205
-23.425064020600814 3171.1527750636888
-0.1310259709194696 -1099.05480839133
-1.0427964708110267 323.85922575725823
-5.681576284237067 -80.4187881620267
-0.40790190143123295 16.59614929189887
0.2507953056902743 -2.803728823826747
-0.05191299510644274 0.3822366794171668
-0.0022716786206474072 -0.0415879641560758
0.025037298675604072 0.00389123906685121
-0.007220460345119558 -0.000342289944944433
0.0011406940088584737 2.7296426658750204e-05
-4.7657487639681294e-05 -2.5038999049593295e-06
-1.848124849196264e-06 -7.568663612574522e-07
7.621538541366186e-06 -5.581566291902755e-07
3.3063925714931836e-07 -3.98870566593794e-07
9.303156720290006e-08 -2.008223218938695e-07
0.0 0.0
