27
0.0 0.0
0.2390367875569211 0.035653178375806574
0.469425240573235 0.1292231758105806
0.6701503797309849 0.29982560545153525
0.867173888212311 0.42062728548284195
0.8550562573793029 0.9327413298689214
1.2442445782539904 0.5961650525877348
0.5488947814351782 1.9217138638971252
1.478566310896764 0.7296387978077188
0.1319679333783257 2.772246710131079
0.9862437014612925 0.9056225060153978
-8.995544167438987e-06 3.2454608025657765
0.05179780061412902 1.2239961634473953
-0.3019418099896936 2.9091730211490443
-0.6815983429159198 1.696909545023036
-0.7965371341424362 2.159388108379623
-1.1313676337898377 1.6880131705372972
-1.1955618531659227 1.5259035791966187
-1.320044560172037 1.2231722906359626
-1.3091409304450392 0.9441835853833231
-1.2528744311559121 0.6691344649074882
-1.1249416342346206 0.4247939123212214
-0.9462339336054371 0.2233037689651179
-0.7281611468758034 0.07591906944762465
-0.4869964766124418 -0.01102226566847585
-0.23903081017138048 -0.03554850309059981
0.0 0.0
