19
0.0 0.0
0.3490658506876345 1.6789354331204083e-06
0.6981310754615991 0.12901786295407405
0.9965318409452093 0.38704783015112154
1.1936043751130883 0.7528712247091881
1.2482093367043288 1.1840385059753789
1.1382571429323156 1.6214975328597085
0.8678184843232347 1.9987575356495664
0.4694261269332702 2.254383983389013
-1.1902976349442675e-05 2.3448352726400326
-0.46944680141624967 2.25437795124578
-0.8678385698321776 1.9987516303090802
-1.1382723581072027 1.621484039526039
-1.2482209079648237 1.18402823291134
-1.193611623516574 0.7528588333130717
-0.9965355693621204 0.38703850210472696
-0.6981323231379081 0.12901106804257836
-0.3490658504143972 -1.684251170500118e-06
0.0 0.0
