40
0.0 0.0
0.0060880039375137834 0.05864364905598888
-0.1285750997375991 -1.5162705464464157
1.28169035066217 18.156011787238345
-8.017504747409383 -134.5729389121111
35.27013684491662 696.9754195545343
-115.85614222976996 -2689.605876977563
294.5467167633665 8032.585800293178
-592.587442722902 -18989.791071670617
953.2256525544066 35952.14743363493
-1234.5985840895728 -54593.23380014097
1277.187649308393 65747.07104764761
-1016.2844772936496 -60637.744561096675
570.2911275954419 38628.08701326409
-145.7652672814908 -9830.155363900958
-179.01578076710666 -11639.117323914455
318.4459888730212 18162.505650826017
-319.7570230267844 -12848.98568265378
264.59039040847637 4401.885621237527
-203.71515340511567 785.7650521879867
148.42752881062947 -1779.2145719424445
-89.67906523203845 803.3102105544538
40.205404801922825 119.46201169599752
-23.869691818561215 -401.5837386799499
7.747013666631822 304.38612776613957
-6.622898319336423 -148.77285811910042
-0.31896694018593746 54.222936211059924
-5.001253387112374 -15.639282573425032
-1.3328201153540504 3.5959542808847025
-0.9930646228517954 -0.6913524790973403
0.12493092471422819 0.10378980934862504
-0.3019602834407406 -0.018465592840665648
0.0400418942804307 3.8183807812543545e-05
-0.005364203528682986 -0.0017704007628274077
0.0018333375086118154 -0.0012426928393881207
-0.00010096305057696222 -0.0010242095441153041
4.662378483440678e-05 -0.0007651728038675948
4.383692594241955e-06 -0.0005106779551098861
2.771932136178451e-06 -0.00025529257391217484
0.0 0.0
