25
0.0 0.0
0.261777609915795 0.0005162444909556179
0.5237145746895416 0.07246965694664752
0.7631222612094742 0.21632728411407084
0.9695735337576152 0.42440558759529395
1.0936507950043441 0.6865810853484181
1.1926046127080712 0.9865227968985606
1.1264328285907896 1.2896542569536438
1.0857693494349354 1.5991268025155898
0.8405525055812284 1.8589995308103946
0.643054092859137 2.059543781402437
0.3081760552871166 2.2072000367848577
1.3554950026711428e-07 2.232958174256008
-0.3292914112126139 2.2022421905643825
-0.6297910643507763 2.0601968065231837
-0.8770829783077133 1.8569520637786148
-1.0597999566721235 1.5898013589540614
-1.1601795118105112 1.2903889246304074
-1.175741843514591 0.979395984362033
-1.107983235523063 0.6824904046371867
-0.9663171761785395 0.42111770083642763
-0.7653881590261379 0.2130667412303573
-0.5237367492717274 0.07049902976579017
-0.26179873202018117 -0.0005098017287975541
0.0 0.0
