23
0.0 0.0
0.28559958579886685 -6.061218895460918e-05
0.5712148454610486 0.08534148175807774
0.8300060056585956 0.2561268124668743
1.0351627996125636 0.5037843815854982
1.1626106830763905 0.8095042778067617
1.1960601979230503 1.1500789113627916
1.1236095496864758 1.4908965977443778
0.9529557338262121 1.8033883736965466
0.6890560778101759 2.051787739649
0.36362587898002546 2.213039044554846
-7.746413773668075e-08 2.2688150676163885
-0.36166326661551723 2.213065425582335
-0.6893907373503899 2.0523981078994424
-0.950997922024933 1.8032409201689519
-1.1239305248475486 1.492029944146595
-1.1950420392299836 1.1499918054411404
-1.1624736554869277 0.8103687140002788
-1.0349107649873333 0.5040453201757289
-0.8298990842907262 0.2565271184998771
-0.5711807730254341 0.08557065495965782
-0.2855993287086635 5.977157687191387e-05
0.0 0.0
