21
0.0 0.0
0.31415925900559377 1.435447335625238e-06
0.6283181737338338 0.10389457284196825
0.9062105291282933 0.311670430307052
1.1115804734293706 0.6099642305482369
1.213394858682947 0.9718543055547433
1.191262850082111 1.3595758620879186
1.0393540210423218 1.7279678623961439
0.7693149858411722 2.031989116478127
0.40899960599830054 2.2321252184388864
6.51904564503418e-07 2.301985355805466
-0.4090482715768546 2.2321323114685203
-0.7693005019747972 2.0319486285504658
-1.0394054423606418 1.7280130579686932
-1.191249669658918 1.3595063928831508
-1.2134181088816958 0.971883149022665
-1.1115813607954985 0.6099346710259724
-0.906214648946101 0.31166737030181024
-0.6283190304039606 0.10388755251664175
-0.31415926583705867 -1.5097747156227678e-06
0.0 0.0
