36
0.0 0.0
-3.152279203838114e-05 0.23395175306232507
0.0007867309018022227 -4.466331958977185
-0.008667818657255591 40.56352555408449
0.058194970013693254 -232.28726970178505
-0.2711677163694652 937.633677259413
0.9390523836807017 -2827.394087951671
-2.5009302336215424 6594.372024096565
5.4956511970285895 -12175.171532925171
-9.505456644280434 18121.577366360263
12.961604429638394 -22150.545967800306
-15.3996876533131 22787.27075189011
11.065037268871773 -20426.746808224983
-17.155076684048364 16601.317544747606
12.801807104151582 -12511.506079904872
3.549030463144931 8597.31144270785
-25.27469840157857 -5123.933605061076
-3.427633178421539 2492.270521269149
11.112005010711469 -923.1620414697875
20.938891875463575 229.3846126185545
-7.571320749292131 -19.449523589598105
1.4059047698369105 -13.18894537587945
-10.181905059141592 8.131890570361067
-5.431798268951047 -2.7550891579036354
0.6928922804681897 0.6713200411544078
-0.06316706392791212 -0.12325238874289013
0.0821112817714479 0.016876698269003922
0.010424101845581958 -0.003109576342723181
0.005644342301934452 -0.00020366388180507032
-0.003042682943021083 -0.0005419935604719753
0.0003260020370090326 -0.00040101865629932733
-0.0001031714923292593 -0.00032601727337110045
-2.979708781239063e-06 -0.00024413308657113877
-2.0742853835749144e-07 -0.00016278604432517005
-1.020338454129028e-07 -8.139190286216226e-05
0.0 0.0
