32
0.0 0.0
-0.26443182413581595 -0.015322036421488314
0.34979266017609423 -1.6089503522954578
-5.393687170480309 11.239332118913673
16.813637732457416 -62.193138896972
-36.43412156293449 226.36154457782337
26.72789907219109 -618.63484114289
63.720528840380446 1273.013323540354
-250.5887189216109 -2023.5690292063837
418.90823308748145 2462.3112878141615
-404.42069346001415 -2234.1076004883016
156.79239372946333 1311.3328116459045
179.01919869087794 -87.58952240307961
-401.2573020692317 -931.3747842900019
419.5442841400353 1404.8919871071073
-307.1295551377133 -1338.6745532322388
205.65441920098527 963.5603760837313
-145.15085954879612 -547.4769142442744
96.91069905362204 243.99938906514606
-61.6101077086951 -89.97286645656187
31.633843062215462 23.01986461336751
-14.091073037821761 -7.372255460455492
6.795162330033684 -0.34257221961028583
-0.32740912920635085 -1.1660288197209776
1.9267354442708589 -0.635873075392616
1.244458601931965 -0.359994762412475
1.192063634972837 -0.1263109137496623
0.9476633915190503 0.033119322996517465
0.7047027730573583 0.11857703584810599
0.4531660168831516 0.13533968631337465
0.21366182501833733 0.09192167975455805
0.0 0.0
