22
0.0 0.0
0.2981027780736485 -0.025593206922028065
0.6042446203447188 0.042467317167631975
0.8874648800162273 0.2068253346172223
1.11582441036278 0.4593938760366256
1.260613513951706 0.780681185484857
1.2999441233965883 1.1418285338377943
1.223379774513231 1.5060088497310347
1.0328684767813041 1.8345201556003485
0.7449620914664115 2.0903634010141805
0.3881324503904815 2.243646923807819
1.9280272665088327e-07 2.2771427220062406
-0.37777606620691 2.186630050526582
-0.7050804305113758 1.9837663254464781
-0.9487153950317301 1.6925330569140595
-1.0863698279473386 1.3466257714272105
-1.1090464634047954 0.9841837894476992
-1.0212167950151445 0.6428364896871491
-0.8392171388952779 0.3550754844583091
-0.5881650881127173 0.1448378501859461
-0.2981026937167893 0.02559306358103298
0.0 0.0
