30
0.0 0.0
-0.1989276740237589 -0.049491065739885404
-0.6442232623082293 0.23022002439621717
0.7712918488516023 -2.7149158805209774
-6.059095451359592 11.43830986885834
12.643349635927965 -41.102716081647806
-25.494878327001835 105.8138318572443
30.66913981567083 -225.20407103940457
-29.14401980286348 383.1271010929267
12.665836012501266 -545.2896587468507
5.682491423045459 635.7842956109797
-27.681901016023843 -623.3828113850622
47.227230000602376 502.91138904667616
-66.41887574500605 -344.41157786508336
76.22076456749107 190.63795138647777
-72.45526479992422 -91.40308858826754
58.32822377013878 30.91634859717016
-37.316554214265814 -10.988715012400135
22.43798436851276 -0.4561865735790078
-9.03576377350587 -1.153210556801755
5.404443385668821 -1.652347747854105
-0.18531851808418998 -0.8511460984582403
1.667543756033523 -0.8390071290730806
1.0550180591010287 -0.5309462999864455
1.0440267966185026 -0.34864261754801473
0.8493891947349095 -0.18072478475631454
0.6530080847324338 -0.06243218268290923
0.43629936985443335 0.0077420405800899764
0.21501888697130883 0.027970601346329914
0.0 0.0
