28
0.0 0.0
0.23277518731204988 -0.003628191719664073
0.46389485614815235 0.1005636223745019
0.7003603206019123 -0.10071248058251328
0.77984384702592 1.3374981024234371
1.378171104561703 -2.0870640774341203
0.20857670253499155 5.9837559776073945
2.8251237358613106 -7.137395870787747
-1.0617848295201546 12.133231696642156
2.9917566383375362 -10.881837665824719
0.00030193819066102394 14.71734660835285
0.08050316934210451 -10.049862703076665
2.1637633698763152 12.099908847740904
-2.0541541417402436 -4.904482390719038
1.8785983994952034 6.446911878185832
-1.9314784713073339 0.07900139626004851
0.3044055096395623 2.773053765063156
-1.4058515554394866 1.6056256138993033
-0.7820130393458151 1.615085896548516
-1.2223453317422492 1.3265703583554576
-1.1230880815157718 1.0514349428734138
-1.127384523292169 0.790223187879955
-1.0210321355520553 0.5444122646268029
-0.8743323341578074 0.3344328647324835
-0.6838279230659344 0.169229291920452
-0.4653763186942644 0.05659453208189502
-0.23270839748425945 0.000179074866475087
0.0 0.0
