38
0.0 0.0
0.00012597495878035453 -0.17748836496075457
-0.0024009249896909724 4.281746625492434
0.02123110303322804 -47.899121723913936
-0.115270501026848 331.2503338309079
0.4211991795844075 -1589.3856997755297
-1.084071705893975 5618.513843390843
2.009863202518374 -15140.441458017965
-2.2226256040089423 31689.795465753876
0.46190776485234175 -51900.86924422573
3.9805697596192173 66258.9151864638
-5.383683054374546 -64619.82847923003
15.186346572543881 45433.284018047176
-8.603068602374671 -18544.17039989153
5.586624986669431 -2909.7995134924213
3.4858072115182273 12740.496011614445
-1.1240900697694152 -13424.990181094532
-1.5886249926909708 10340.120657219713
14.382271622105579 -6905.030859774872
-26.61356841926599 4167.07679726641
3.036613127846661 -2221.6530210129126
1.159338899114722 997.1656550462968
11.584734307362217 -353.6175980345584
-12.371454782330417 88.6956488944678
-7.623881188823246 -10.593865592045878
1.4299380108599802 -2.3730252405700187
2.0475160169965174 1.6319634492008452
-0.8606756425140673 -0.4644585333908035
-0.02794170764760028 0.08712772480929212
-0.18616958308340056 -0.011757788285022056
0.009273834256094259 0.0011366033582348553
-0.0033981906548804677 -0.0001155148106442423
0.0010863251930754462 -1.379317554570797e-05
-0.00010202700454081028 -1.6244865855923746e-05
2.1563664709234273e-05 -1.1887341989655436e-05
-1.3418618666311945e-06 -7.943929170749209e-06
-5.590133108319523e-09 -3.971364281733148e-06
0.0 0.0
