35
0.0 0.0
0.07843298964039361 0.1922168014113252
0.4265559441101786 0.2069592285153225
2.982483490149177 -3.9607589493207525
-19.607292057035107 37.64258969028521
53.583504622527975 -152.31165797160946
-49.82685406340489 408.4040370012857
-85.53439617372803 -797.6616676158696
340.054134834492 1250.1846867812362
-518.64162181069 -1602.1332719107968
434.85579648949147 1573.5803621601262
-148.57370029559104 -960.5179208144364
-113.95322920185333 19.56854835553503
218.01905206514812 635.9723525044009
-214.7682632323463 -634.1438309986501
126.29283721849777 199.23477794085207
82.69201226293067 112.05072874327219
-185.44608030235804 38.76033097468839
-83.55613823860828 -383.81366244258777
364.08732684786116 428.82003009953473
-225.93213575562413 -163.5056174929136
-11.798074776894987 -31.982432906981746
18.223805375077507 54.329747432384394
10.010136503420783 -38.893417946672166
10.093630419184464 23.999775323521753
-4.494213289101289 -6.6250590468681985
0.8024493725590659 4.435675780130745
-0.8182957882416475 0.09294544786342598
-1.2610883870367593 0.3665762487752994
-1.182411547802033 -0.13888673438893873
-0.9062959035944207 -0.2657661039148478
-0.6215502903344923 -0.3041172160449199
-0.3574427848627982 -0.2471477403520623
-0.1468874758234603 -0.13523488744837392
0.0 0.0
