39
0.0 0.0
-2.260883341240386e-05 -0.18601331701392745
0.0004924533484208197 4.040480793196848
-0.005127819993068327 -42.086184936828325
0.034061941391127004 279.94569390543285
-0.16208414083782474 -1336.6699981428385
0.5903314060986685 4885.229813111277
-1.7106211023235707 -14236.476566799964
4.003076466944405 34029.54072973991
-7.663296451362177 -68091.95007344121
13.341579504533765 115751.73913098284
-18.376399611993897 -168920.57428908933
27.53134587933531 213152.9425528427
-27.33381547448874 -233786.77685156988
25.30423372669077 223926.45035115577
-33.628850078429124 -188373.1335397179
28.383032011956296 140266.6236636447
-31.33087920170093 -93357.96990861036
28.33195676761579 56050.72809630881
-34.817547163403525 -30464.634246709596
18.834396379835198 14889.72322359532
-10.561043027000078 -6429.0344189163225
-4.730888122074578 2390.561219994284
11.37241616729228 -742.7575504920284
-9.65244500721466 185.74535759423406
9.906175548988456 -35.15592367933733
-0.21383636958340255 4.284412038702725
0.7798602856448957 -0.07091895064276178
-0.8398031377144746 -0.1044527956259834
0.7477122516855552 0.026071816793339742
0.01999513800838002 -0.0038568659175317404
0.04735515290686017 0.00018294163738720974
-0.003284017247045901 -0.00017286387928272515
0.0009230837319380491 -0.0001236705417720508
-2.9401923757467575e-05 -9.93586409076396e-05
-4.93028426983628e-06 -7.459609076303994e-05
-1.185627783950476e-06 -4.972290281650759e-05
2.289284184175151e-07 -2.4861672561140452e-05
0.0 0.0
