31
0.0 0.0
-0.2269016982020474 0.08320137715639697
-0.26525830059101324 -1.0069717830440923
-2.3756238751058847 7.989890182707587
9.260297463752604 -41.14887552770815
-42.31037604732492 147.44780499498208
121.9223703411746 -405.91529622761834
-275.1524857131725 872.2696244816933
455.1209323751897 -1508.369329175224
-551.6376195501014 2096.1172704203036
424.6370272732457 -2352.315099821572
-67.05949186482918 2093.8440613195157
-364.2958426162287 -1450.443027521107
666.3356448499393 711.9687286683803
-718.6165035275724 -169.7270252665926
592.8475594539073 -105.5391181229297
-400.23157019981386 172.34233628739864
226.25854134023015 -142.41722261099497
-110.96799958219641 84.50374600231677
49.73174250303149 -44.574681774621304
-18.148792982247 16.894791737868584
7.703782114241103 -8.047085866682249
-1.0966705760431963 1.1370232022308848
1.5888487938612332 -1.532078603704957
0.8781242056544423 -0.5850185951887635
0.9405809693599114 -0.5669869397051451
0.7873921294287284 -0.36031236825961926
0.6263493636345933 -0.21361391790160472
0.43165140776219646 -0.09695699232532531
0.2188185431641959 -0.024020856780011885
0.0 0.0
