33
0.0 0.0
0.004646282951453278 -0.14350516578511682
-0.08465066435030734 2.412075644962314
0.7435380722414119 -20.727882114753047
-4.036549336442495 113.63798063717358
15.144815398345662 -447.2078790646579
-41.38766749862856 1335.5824934853188
84.46828319517174 -3132.2992927103387
-128.37237027018486 5889.5733679779505
136.97930503027573 -8996.047480528387
-76.36554781962126 11250.120888092484
-53.035946905709814 -11564.806069447626
202.04183329121975 9774.904862544883
-306.04611621129294 -6764.110891612654
312.062200194034 3786.366884228264
-252.33004801971575 -1671.1970408911395
179.40674681937622 550.5014967932098
-86.16945285441508 -118.34334688549012
45.67883456977478 10.162462706889904
-14.446842369487337 1.3174795001310275
4.825590580148923 1.012730303523026
-0.44288889940693765 -1.1709690325624131
1.2237741438039238 0.602887130583576
0.11553059481948585 -0.09918754176035356
0.20111335662451196 0.06504563040243182
-0.000577817518023881 0.038986384387354724
-0.00094812472873254 0.034612794517082865
0.001915873825724684 0.029194699510123913
3.3825951939788846e-05 0.023229201688650225
-5.7538593186773176e-05 0.01743832615712601
-9.792334382327874e-05 0.011623107549362546
-7.698572382015099e-05 0.005810998007711225
0.0 0.0
