15
0.0 0.0
-0.44879893195597853 4.832344166321036e-05
-0.897621477435938 -0.21681772640761254
-1.232889302442698 -0.6506105146044879
-1.3410308183045452 -1.2364666089261798
-1.1491754977092186 -1.8446510354792385
-0.6661338034493577 -2.308971467052504
-0.00026744114883644484 -2.4838268524138383
0.6656365616192601 -2.309114863243861
1.1487782331460674 -1.8448984617492783
1.340764519480183 -1.2367553662224569
1.2327491677102007 -0.6508759965230292
0.8975747658473829 -0.21701102041830675
0.44879893195697435 -4.832345898285858e-05
0.0 0.0
